Commit:038024b
Date:Tue Aug 13 16:24:49 2013 -0400
The target Filters/Core/vtkCellDataToPointData.cxx has the following dependencies: 
t5720_Filters_Core_CMakeFiles_vtkFiltersCore_dir_vtkCellDataToPointData_cxx_o : 0.4329659430859123
t5692_lib_libvtkFiltersCore_6_1_so : 4.3647217178520545
t7155_lib_libvtkFiltersGeometry_6_1_so : 6.331531615125793
t6090_lib_libvtkFiltersGeneral_6_1_so : 8.479161286913502
t6855_lib_libvtkFiltersExtraction_6_1_so : 9.348429660497102
t7252_lib_libvtkFiltersSources_6_1_so : 10.299783746638635
t7156_lib_libvtkFiltersGeometry_6_1_so_1 : 21.817170406326326
t7253_lib_libvtkFiltersSources_6_1_so_1 : 35.822766164606946
t5693_lib_libvtkFiltersCore_6_1_so_1 : 39.6679691091958
t6856_lib_libvtkFiltersExtraction_6_1_so_1 : 43.28672781410401
t6980_lib_libvtkInfovisCore_6_1_so : 50.85703386125048
t8302_lib_libvtkRenderingCore_6_1_so : 55.3556155010856
t6091_lib_libvtkFiltersGeneral_6_1_so_1 : 58.79407967233061
t6981_lib_libvtkInfovisCore_6_1_so_1 : 59.65533395441233
t8303_lib_libvtkRenderingCore_6_1_so_1 : 129.8955658849073
t9249_lib_libvtkRenderingFreeType_6_1_so : 130.10497346738194
t9250_lib_libvtkRenderingFreeType_6_1_so_1 : 152.88820407927287

