Commit:05c33b7
Date:Mon Nov 4 23:24:49 2013 -0500
The target Filters/General/vtkYoungsMaterialInterface.cxx has the following dependencies: 
t6553_Filters_General_CMakeFiles_vtkFiltersGeneral_dir_vtkYoungsMaterialInterface_cxx_o : 0.5728724496278547
t6204_lib_libvtkFiltersGeneral_6_1_so : 10.436544817737206
t6969_lib_libvtkFiltersExtraction_6_1_so : 14.102716011019156
t7370_lib_libvtkFiltersSources_6_1_so : 16.873156576406892
t7371_lib_libvtkFiltersSources_6_1_so_1 : 39.348603709192695
t6970_lib_libvtkFiltersExtraction_6_1_so_1 : 49.24488003889114
t7511_lib_libvtkRenderingCore_6_1_so : 55.91238279456714
t7094_lib_libvtkInfovisCore_6_1_so : 60.33569796659158
t6205_lib_libvtkFiltersGeneral_6_1_so_1 : 60.50908716316004
t7095_lib_libvtkInfovisCore_6_1_so_1 : 70.80670349010775
t8483_lib_libvtkRenderingFreeType_6_1_so : 76.1724429448616
t8484_lib_libvtkRenderingFreeType_6_1_so_1 : 89.43816817042541
t7512_lib_libvtkRenderingCore_6_1_so_1 : 131.2056065754521

