Commit:0b20826
Date:Tue Sep 24 20:43:23 2013 -0400
The target IO/Import/vtkVRMLImporter.cxx has the following dependencies: 
t19505_IO_Import_CMakeFiles_vtkIOImport_dir_vtkVRMLImporter_cxx_o : 0.744077365088371
t19492_lib_libvtkIOImport_7_1_so : 2.5169856574750225
t19493_lib_libvtkIOImport_7_1_so_1 : 5.5693780175882885
t19528_bin_vtkIOImportCxxTests : 9.741394000884348


