Commit:0c78697
Date:Fri Aug 30 13:19:14 2013 -0400
The target IO/Geometry/vtkMultiBlockPLOT3DReader.h could not be found.

The target Filters/Parallel/vtkExtractCTHPart.cxx has the following dependencies: 
t16764_Filters_Parallel_CMakeFiles_vtkFiltersParallel_dir_vtkExtractCTHPart_cxx_o : 0.5469033639617634
t16735_lib_libvtkFiltersParallel_7_1_so : 2.664025204104485
t17958_lib_libvtkIOParallel_7_1_so : 4.763479250998257
t16896_lib_libvtkFiltersParallelImaging_7_1_so : 9.85805005126773
t16897_lib_libvtkFiltersParallelImaging_7_1_so_1 : 11.421235354432623
t16736_lib_libvtkFiltersParallel_7_1_so_1 : 20.703736974978113
t17959_lib_libvtkIOParallel_7_1_so_1 : 27.138113241166216
t18012_bin_vtkFiltersSourcesCxxTests : 37.75959977410841
t20883_bin_vtkRenderingAnnotationCxxTests : 44.04195950672797
t21026_bin_vtkRenderingCoreCxxTests : 55.98790500687413
t20546_bin_vtkInteractionWidgetsCxxTests : 85.60728281870834


The target IO/Geometry/vtkMultiBlockPLOT3DReader.cxx could not be found.

