Commit:14c8487
Date:Wed Mar 6 11:36:15 2013 -0700
The target IO/NetCDF/vtkNetCDFCFReader.cxx has the following dependencies: 
t17370_IO_NetCDF_CMakeFiles_vtkIONetCDF_dir_vtkNetCDFCFReader_cxx_o : 0.6153803034451808
t17357_lib_libvtkIONetCDF_7_1_so : 1.7065849390951828
t17958_lib_libvtkIOParallel_7_1_so : 4.763479250998257
t17358_lib_libvtkIONetCDF_7_1_so_1 : 10.987658393613057
t17959_lib_libvtkIOParallel_7_1_so_1 : 27.138113241166216
t18012_bin_vtkFiltersSourcesCxxTests : 37.75959977410841
t20883_bin_vtkRenderingAnnotationCxxTests : 44.04195950672797
t21026_bin_vtkRenderingCoreCxxTests : 55.98790500687413
t20546_bin_vtkInteractionWidgetsCxxTests : 85.60728281870834


The target IO/NetCDF/vtkNetCDFCFReader.h has the following dependencies: 
t17370_IO_NetCDF_CMakeFiles_vtkIONetCDF_dir_vtkNetCDFCFReader_cxx_o : 0.6153803034451808
t17357_lib_libvtkIONetCDF_7_1_so : 1.7065849390951828
t17958_lib_libvtkIOParallel_7_1_so : 4.763479250998257
t17358_lib_libvtkIONetCDF_7_1_so_1 : 10.987658393613057
t17959_lib_libvtkIOParallel_7_1_so_1 : 27.138113241166216
t18012_bin_vtkFiltersSourcesCxxTests : 37.75959977410841
t20883_bin_vtkRenderingAnnotationCxxTests : 44.04195950672797
t21026_bin_vtkRenderingCoreCxxTests : 55.98790500687413
t20546_bin_vtkInteractionWidgetsCxxTests : 85.60728281870834


