Commit:1654337
Date:Thu Jul 18 01:02:13 2013 -0400
The target Rendering/Core/vtkDiscretizableColorTransferFunction.cxx has the following dependencies: 
t8444_Rendering_Core_CMakeFiles_vtkRenderingCore_dir_vtkDiscretizableColorTransferFunction_cxx_o : 0.5362227353838874
t8302_lib_libvtkRenderingCore_6_1_so : 57.92426822135549
t8303_lib_libvtkRenderingCore_6_1_so_1 : 135.9394546384835
t9249_lib_libvtkRenderingFreeType_6_1_so : 137.5219734400927
t9250_lib_libvtkRenderingFreeType_6_1_so_1 : 161.61408640010904

The target Rendering/Core/vtkDiscretizableColorTransferFunction.h has the following dependencies: 
t8444_Rendering_Core_CMakeFiles_vtkRenderingCore_dir_vtkDiscretizableColorTransferFunction_cxx_o : 0.5362227353838874
t8302_lib_libvtkRenderingCore_6_1_so : 57.92426822135549
t8303_lib_libvtkRenderingCore_6_1_so_1 : 135.9394546384835
t9249_lib_libvtkRenderingFreeType_6_1_so : 137.5219734400927
t9250_lib_libvtkRenderingFreeType_6_1_so_1 : 161.61408640010904

