Commit:1b0150a
Date:Wed Jun 5 10:37:22 2013 -0400
The target Views/Infovis/vtkTreeHeatmapItem.h has the following dependencies: 
t21849_Views_Infovis_Testing_Cxx_CMakeFiles_vtkViewsInfovisCxxTests_dir_TestColumnTree_cxx_o : 0.44593634496767137
t21897_Views_Infovis_Testing_Cxx_CMakeFiles_vtkViewsInfovisCxxTests_dir_TestTreeHeatmapItem_cxx_o : 0.4496851847232032
t21813_Views_Infovis_CMakeFiles_vtkViewsInfovis_dir_vtkTreeHeatmapItem_cxx_o : 0.45600090421238215
t21894_Views_Infovis_Testing_Cxx_CMakeFiles_vtkViewsInfovisCxxTests_dir_TestTreeHeatmapAutoCollapse_cxx_o : 0.47143518472320317
t21717_lib_libvtkViewsInfovis_7_1_so : 16.967541357495474
t21718_lib_libvtkViewsInfovis_7_1_so_1 : 39.57068554704818
t21838_bin_vtkViewsInfovisCxxTests : 63.105015063908986


The target IO/Infovis/vtkNewickTreeReader.cxx has the following dependencies: 
t10628_IO_Infovis_CMakeFiles_vtkIOInfovis_dir_vtkNewickTreeReader_cxx_o : 0.41941514822457776
t10591_lib_libvtkIOInfovis_7_1_so : 2.1061834075302337
t10592_lib_libvtkIOInfovis_7_1_so_1 : 13.808353464919296
t19551_bin_vtkIOInfovisCxxTests : 19.513487529394254
t20496_bin_vtkInfovisLayoutCxxTests : 20.764672539541433
t20416_bin_vtkInfovisCoreCxxTests : 24.211791898653985
t13380_bin_vtkChartsCoreCxxTests : 53.14463308734408
t21838_bin_vtkViewsInfovisCxxTests : 63.105015063908986


The target Filters/StatisticsGnuR/vtkRAdapter.cxx could not be found.

The target Views/Infovis/vtkTreeHeatmapItem.cxx has the following dependencies: 
t21813_Views_Infovis_CMakeFiles_vtkViewsInfovis_dir_vtkTreeHeatmapItem_cxx_o : 0.45600090421238215
t21717_lib_libvtkViewsInfovis_7_1_so : 16.967541357495474
t21718_lib_libvtkViewsInfovis_7_1_so_1 : 39.57068554704818
t21838_bin_vtkViewsInfovisCxxTests : 63.105015063908986


