Commit:1badae7
Date:Sat Nov 9 22:35:18 2013 -0500
The target Filters/General/vtkYoungsMaterialInterface.cxx has the following dependencies: 
t6587_Filters_General_CMakeFiles_vtkFiltersGeneral_dir_vtkYoungsMaterialInterface_cxx_o : 0.5726839483508532
t6238_lib_libvtkFiltersGeneral_6_1_so : 10.456188070311752
t7003_lib_libvtkFiltersExtraction_6_1_so : 14.160657687298482
t7404_lib_libvtkFiltersSources_6_1_so : 16.934023040854875
t7405_lib_libvtkFiltersSources_6_1_so_1 : 39.491818919658535
t7004_lib_libvtkFiltersExtraction_6_1_so_1 : 49.44938007281817
t7545_lib_libvtkRenderingCore_6_1_so : 56.0647185131029
t7128_lib_libvtkInfovisCore_6_1_so : 60.55961718140395
t6239_lib_libvtkFiltersGeneral_6_1_so_1 : 60.62463570771619
t7129_lib_libvtkInfovisCore_6_1_so_1 : 71.07013786047524
t8517_lib_libvtkRenderingFreeType_6_1_so : 76.39293444882966
t8518_lib_libvtkRenderingFreeType_6_1_so_1 : 89.69756993979959
t7546_lib_libvtkRenderingCore_6_1_so_1 : 131.56404356024214

