Commit:1c4d5ee
Date:Wed May 22 11:15:39 2013 -0600
The target IO/Image/vtkTIFFReader.cxx has the following dependencies: 
t4403_IO_Image_CMakeFiles_vtkIOImage_dir_vtkTIFFReader_cxx_o : 0.5250635324512316
t4297_lib_libvtkIOImage_6_1_so : 7.002608586090549
t5561_lib_libvtkImagingHybrid_6_1_so : 28.745845779501717
t4298_lib_libvtkIOImage_6_1_so_1 : 32.2475698168967
t5562_lib_libvtkImagingHybrid_6_1_so_1 : 33.64217150529614
t4520_lib_libvtkRenderingCore_6_1_so : 57.921718622432024
t4521_lib_libvtkRenderingCore_6_1_so_1 : 135.933455582193
t5467_lib_libvtkRenderingFreeType_6_1_so : 137.51969684878583
t5468_lib_libvtkRenderingFreeType_6_1_so_1 : 161.6114080573951

