Commit:21ab918
Date:Wed Sep 25 15:06:26 2013 -0400
The target IO/NetCDF/vtkMPASReader.cxx has the following dependencies: 
t17360_IO_NetCDF_CMakeFiles_vtkIONetCDF_dir_vtkMPASReader_cxx_o : 0.662645247717009
t17357_lib_libvtkIONetCDF_7_1_so : 1.7065849390951828
t17958_lib_libvtkIOParallel_7_1_so : 4.763479250998257
t17358_lib_libvtkIONetCDF_7_1_so_1 : 10.987658393613057
t17959_lib_libvtkIOParallel_7_1_so_1 : 27.138113241166216
t18012_bin_vtkFiltersSourcesCxxTests : 37.75959977410841
t20883_bin_vtkRenderingAnnotationCxxTests : 44.04195950672797
t21026_bin_vtkRenderingCoreCxxTests : 55.98790500687413
t20546_bin_vtkInteractionWidgetsCxxTests : 85.60728281870834


The target IO/NetCDF/vtkMPASReader.h has the following dependencies: 
t17360_IO_NetCDF_CMakeFiles_vtkIONetCDF_dir_vtkMPASReader_cxx_o : 0.662645247717009
t17357_lib_libvtkIONetCDF_7_1_so : 1.7065849390951828
t17958_lib_libvtkIOParallel_7_1_so : 4.763479250998257
t17358_lib_libvtkIONetCDF_7_1_so_1 : 10.987658393613057
t17959_lib_libvtkIOParallel_7_1_so_1 : 27.138113241166216
t18012_bin_vtkFiltersSourcesCxxTests : 37.75959977410841
t20883_bin_vtkRenderingAnnotationCxxTests : 44.04195950672797
t21026_bin_vtkRenderingCoreCxxTests : 55.98790500687413
t20546_bin_vtkInteractionWidgetsCxxTests : 85.60728281870834


