Commit:21df2ad
Date:Fri Dec 13 15:26:39 2013 -0500
The target IO/Image/vtkPNGWriter.cxx has the following dependencies: 
t9377_IO_Image_CMakeFiles_vtkIOImage_dir_vtkPNGWriter_cxx_o : 0.5142344209865395
t9289_lib_libvtkIOImage_6_1_so : 20.924386543356967
t9424_lib_libvtkImagingHybrid_6_1_so : 36.84091711065161
t9425_lib_libvtkImagingHybrid_6_1_so_1 : 43.16578483606072
t9290_lib_libvtkIOImage_6_1_so_1 : 48.880909513781106

The target IO/Image/vtkPNGWriter.h has the following dependencies: 
t9377_IO_Image_CMakeFiles_vtkIOImage_dir_vtkPNGWriter_cxx_o : 0.5142344209865395
t9661_Rendering_OpenGL_CMakeFiles_vtkRenderingOpenGL_dir_vtkImageProcessingPass_cxx_o : 0.6037448429272164
t9764_Rendering_OpenGL_CMakeFiles_vtkRenderingOpenGL_dir_vtkOpenGLRenderer_cxx_o : 0.6421890892872153
t9652_Rendering_OpenGL_CMakeFiles_vtkRenderingOpenGL_dir_vtkGaussianBlurPass_cxx_o : 0.7660760504102091
t9824_Rendering_OpenGL_CMakeFiles_vtkRenderingOpenGL_dir_vtkSobelGradientMagnitudePass_cxx_o : 0.7675552518424825
t9820_Rendering_OpenGL_CMakeFiles_vtkRenderingOpenGL_dir_vtkShadowMapPass_cxx_o : 1.4482133092892142
t9289_lib_libvtkIOImage_6_1_so : 20.924386543356967
t9595_lib_libvtkRenderingOpenGL_6_1_so : 31.217632482628517
t9596_lib_libvtkRenderingOpenGL_6_1_so_1 : 36.550155861915904
t9424_lib_libvtkImagingHybrid_6_1_so : 36.84091711065161
t9425_lib_libvtkImagingHybrid_6_1_so_1 : 43.16578483606072
t9290_lib_libvtkIOImage_6_1_so_1 : 48.880909513781106

