Commit:2202e55
Date:Mon Nov 11 10:02:20 2013 -0500
The target Views/Infovis/vtkDendrogramItem.h has the following dependencies: 
t21852_Views_Infovis_Testing_Cxx_CMakeFiles_vtkViewsInfovisCxxTests_dir_TestDendrogramItem_cxx_o : 0.4389643903306796
t21813_Views_Infovis_CMakeFiles_vtkViewsInfovis_dir_vtkTreeHeatmapItem_cxx_o : 0.45600090421238215
t21894_Views_Infovis_Testing_Cxx_CMakeFiles_vtkViewsInfovisCxxTests_dir_TestTreeHeatmapAutoCollapse_cxx_o : 0.47143518472320317
t21806_Views_Infovis_CMakeFiles_vtkViewsInfovis_dir_vtkTanglegramItem_cxx_o : 0.543250056667112
t21729_Views_Infovis_CMakeFiles_vtkViewsInfovis_dir_vtkDendrogramItem_cxx_o : 0.5689078855940718
t21717_lib_libvtkViewsInfovis_7_1_so : 16.967541357495474
t21718_lib_libvtkViewsInfovis_7_1_so_1 : 39.57068554704818
t21838_bin_vtkViewsInfovisCxxTests : 63.105015063908986


The target IO/Infovis/vtkNewickTreeWriter.cxx has the following dependencies: 
t10631_IO_Infovis_CMakeFiles_vtkIOInfovis_dir_vtkNewickTreeWriter_cxx_o : 0.4314938758613088
t10591_lib_libvtkIOInfovis_7_1_so : 2.1061834075302337
t10592_lib_libvtkIOInfovis_7_1_so_1 : 13.808353464919296
t19551_bin_vtkIOInfovisCxxTests : 19.513487529394254
t20496_bin_vtkInfovisLayoutCxxTests : 20.764672539541433
t20416_bin_vtkInfovisCoreCxxTests : 24.211791898653985
t13380_bin_vtkChartsCoreCxxTests : 53.14463308734408
t21838_bin_vtkViewsInfovisCxxTests : 63.105015063908986


The target IO/Infovis/vtkNewickTreeReader.cxx has the following dependencies: 
t10628_IO_Infovis_CMakeFiles_vtkIOInfovis_dir_vtkNewickTreeReader_cxx_o : 0.41941514822457776
t10591_lib_libvtkIOInfovis_7_1_so : 2.1061834075302337
t10592_lib_libvtkIOInfovis_7_1_so_1 : 13.808353464919296
t19551_bin_vtkIOInfovisCxxTests : 19.513487529394254
t20496_bin_vtkInfovisLayoutCxxTests : 20.764672539541433
t20416_bin_vtkInfovisCoreCxxTests : 24.211791898653985
t13380_bin_vtkChartsCoreCxxTests : 53.14463308734408
t21838_bin_vtkViewsInfovisCxxTests : 63.105015063908986


The target IO/Infovis/vtkNewickTreeWriter.h has the following dependencies: 
t10631_IO_Infovis_CMakeFiles_vtkIOInfovis_dir_vtkNewickTreeWriter_cxx_o : 0.4314938758613088
t19574_IO_Infovis_Testing_Cxx_CMakeFiles_vtkIOInfovisCxxTests_dir_TestNewickTreeWriter_cxx_o : 0.4670925295521179
t10591_lib_libvtkIOInfovis_7_1_so : 2.1061834075302337
t10592_lib_libvtkIOInfovis_7_1_so_1 : 13.808353464919296
t19551_bin_vtkIOInfovisCxxTests : 19.513487529394254
t20496_bin_vtkInfovisLayoutCxxTests : 20.764672539541433
t20416_bin_vtkInfovisCoreCxxTests : 24.211791898653985
t13380_bin_vtkChartsCoreCxxTests : 53.14463308734408
t21838_bin_vtkViewsInfovisCxxTests : 63.105015063908986


The target Views/Infovis/vtkDendrogramItem.cxx has the following dependencies: 
t21729_Views_Infovis_CMakeFiles_vtkViewsInfovis_dir_vtkDendrogramItem_cxx_o : 0.5689078855940718
t21717_lib_libvtkViewsInfovis_7_1_so : 16.967541357495474
t21718_lib_libvtkViewsInfovis_7_1_so_1 : 39.57068554704818
t21838_bin_vtkViewsInfovisCxxTests : 63.105015063908986


