Commit:270a6e4
Date:Fri Nov 15 13:45:33 2013 -0500
The target Views/Infovis/vtkHeatmapItem.cxx has the following dependencies: 
t21744_Views_Infovis_CMakeFiles_vtkViewsInfovis_dir_vtkHeatmapItem_cxx_o : 0.5408552827248665
t21717_lib_libvtkViewsInfovis_7_1_so : 16.967541357495474
t21718_lib_libvtkViewsInfovis_7_1_so_1 : 39.57068554704818
t21838_bin_vtkViewsInfovisCxxTests : 63.105015063908986


