Commit:2d67f63
Date:Fri Jul 26 23:35:19 2013 -0400
The target Charts/Core/vtkCompositeControlPointsItem.cxx has the following dependencies: 
t9686_Charts_Core_CMakeFiles_vtkChartsCore_dir_vtkCompositeControlPointsItem_cxx_o : 0.5137186824737505
t9604_lib_libvtkChartsCore_7_1_so : 4.86710284650653
t21717_lib_libvtkViewsInfovis_7_1_so : 16.967541357495474
t9605_lib_libvtkChartsCore_7_1_so_1 : 22.198131042383668
t21718_lib_libvtkViewsInfovis_7_1_so_1 : 39.57068554704818
t13380_bin_vtkChartsCoreCxxTests : 53.14463308734408
t21838_bin_vtkViewsInfovisCxxTests : 63.105015063908986


