Commit:35e341d
Date:Fri Nov 8 16:09:11 2013 -0500
The target Rendering/Core/vtkLight.h has the following dependencies: 
t7801_Rendering_Core_CMakeFiles_vtkRenderingCore_dir_vtkLight_cxx_o : 0.36042600754464516
t7797_Rendering_Core_CMakeFiles_vtkRenderingCore_dir_vtkLightCollection_cxx_o : 0.382605399269588
t9680_Rendering_OpenGL_CMakeFiles_vtkRenderingOpenGL_dir_vtkOpenGLLight_cxx_o : 0.42184815251133784
t7807_Rendering_Core_CMakeFiles_vtkRenderingCore_dir_vtkLightKit_cxx_o : 0.5068454314727439
t9715_Rendering_OpenGL_CMakeFiles_vtkRenderingOpenGL_dir_vtkOpenGLRenderer_cxx_o : 0.6422093792896362
t7792_Rendering_Core_CMakeFiles_vtkRenderingCore_dir_vtkLightActor_cxx_o : 0.6586769030490669
t9712_Rendering_OpenGL_CMakeFiles_vtkRenderingOpenGL_dir_vtkOpenGLRenderWindow_cxx_o : 0.668108269368412
t9839_Rendering_OpenGL_CMakeFiles_vtkRenderingOpenGL_dir_vtkXOpenGLRenderWindow_cxx_o : 0.7648840547690424
t9766_Rendering_OpenGL_CMakeFiles_vtkRenderingOpenGL_dir_vtkShadowMapBakerPass_cxx_o : 0.7982135210637868
t7896_Rendering_Core_CMakeFiles_vtkRenderingCore_dir_vtkRenderer_cxx_o : 0.852203119084126
t9771_Rendering_OpenGL_CMakeFiles_vtkRenderingOpenGL_dir_vtkShadowMapPass_cxx_o : 1.4484322185255338
t9798_Rendering_OpenGL_CMakeFiles_vtkRenderingOpenGL_dir_vtkRenderingOpenGLObjectFactory_cxx_o : 2.2561949376235235
t9546_lib_libvtkRenderingOpenGL_6_1_so : 31.22104875613804
t9547_lib_libvtkRenderingOpenGL_6_1_so_1 : 36.554175007221225
t7545_lib_libvtkRenderingCore_6_1_so : 56.0647185131029
t8517_lib_libvtkRenderingFreeType_6_1_so : 76.39293444882966
t8518_lib_libvtkRenderingFreeType_6_1_so_1 : 89.69756993979959
t7546_lib_libvtkRenderingCore_6_1_so_1 : 131.56404356024214

