Commit:37a10c6
Date:Wed Jul 24 13:21:39 2013 -0400
The target Rendering/Annotation/vtkScalarBarActor.cxx has the following dependencies: 
t12574_Rendering_Annotation_CMakeFiles_vtkRenderingAnnotation_dir_vtkScalarBarActor_cxx_o : 0.5395313189845876
t12494_lib_libvtkRenderingAnnotation_7_1_so : 0.697717665802791
t13322_lib_libvtkViewsCore_7_1_so : 1.6068503190146712
t19419_lib_libvtkInteractionImage_7_1_so : 2.4623582858223925
t13359_lib_libvtkViewsContext2D_7_1_so : 2.615350574489945
t12757_lib_libvtkInteractionWidgets_7_1_so : 3.7648527683808153
t17164_bin_vtkFiltersSelectionCxxTests : 11.435492696539221
t12495_lib_libvtkRenderingAnnotation_7_1_so_1 : 12.887474489477437
t19420_lib_libvtkInteractionImage_7_1_so_1 : 13.602107563661132
t13323_lib_libvtkViewsCore_7_1_so_1 : 13.711532414255728
t13360_lib_libvtkViewsContext2D_7_1_so_1 : 14.50206220288203
t21717_lib_libvtkViewsInfovis_7_1_so : 16.967541357495474
t20399_bin_vtkImagingMorphologicalCxxTests : 19.446071043876152
t21009_bin_vtkRenderingContext2DCxxTests : 20.32305270255654
t16593_bin_vtkFiltersHyperTreeCxxTests : 22.399413283425453
t19448_bin_vtkIOImageCxxTests : 23.34463024195602
t21262_bin_vtkRenderingFreeTypeCxxTests : 23.867074663143367
t16227_bin_vtkFiltersGeneralCxxTests : 27.164241235885854
t20252_bin_vtkImagingCoreCxxTests : 28.065678565444262
t21718_lib_libvtkViewsInfovis_7_1_so_1 : 39.57068554704818
t18956_lib_libvtkGeovisCore_7_1_so : 42.62536111911358
t20883_bin_vtkRenderingAnnotationCxxTests : 44.04195950672797
t18957_lib_libvtkGeovisCore_7_1_so_1 : 49.97101308131009
t13380_bin_vtkChartsCoreCxxTests : 53.14463308734408
t21026_bin_vtkRenderingCoreCxxTests : 55.98790500687413
t12758_lib_libvtkInteractionWidgets_7_1_so_1 : 59.53875147921343
t21838_bin_vtkViewsInfovisCxxTests : 63.105015063908986
t20546_bin_vtkInteractionWidgetsCxxTests : 85.60728281870834


