Commit:3b6cb42
Date:Fri Sep 20 08:59:12 2013 -0400
The target Filters/Core/vtkContourFilter.h has the following dependencies: 
t6535_Filters_General_CMakeFiles_vtkFiltersGeneral_dir_vtkVoxelContoursToSurfaceFilter_cxx_o : 0.5684588881774181
t6559_Filters_General_CMakeFiles_vtkFiltersGeneral_dir_vtkMarchingContourFilter_cxx_o : 0.7595890961167875
t5857_Filters_Core_CMakeFiles_vtkFiltersCore_dir_vtkContourFilter_cxx_o : 0.8590211440249892
t5808_lib_libvtkFiltersCore_6_1_so : 4.373625942023322
t7271_lib_libvtkFiltersGeometry_6_1_so : 6.352117102223845
t6206_lib_libvtkFiltersGeneral_6_1_so : 8.491236014139107
t6971_lib_libvtkFiltersExtraction_6_1_so : 9.374766749334484
t7368_lib_libvtkFiltersSources_6_1_so : 10.326355225208232
t7272_lib_libvtkFiltersGeometry_6_1_so_1 : 21.889825066672394
t7369_lib_libvtkFiltersSources_6_1_so_1 : 35.916547853676114
t5809_lib_libvtkFiltersCore_6_1_so_1 : 39.75177357198421
t6972_lib_libvtkFiltersExtraction_6_1_so_1 : 43.41066705569169
t7096_lib_libvtkInfovisCore_6_1_so : 50.985578559097505
t8418_lib_libvtkRenderingCore_6_1_so : 55.635273244491366
t6207_lib_libvtkFiltersGeneral_6_1_so_1 : 58.87931304098193
t7097_lib_libvtkInfovisCore_6_1_so_1 : 59.80656301070295
t9369_lib_libvtkRenderingFreeType_6_1_so : 130.54756816790103
t8419_lib_libvtkRenderingCore_6_1_so_1 : 130.55358410468557
t9370_lib_libvtkRenderingFreeType_6_1_so_1 : 153.40890372694238

The target Filters/Core/vtkContourFilter.cxx has the following dependencies: 
t5857_Filters_Core_CMakeFiles_vtkFiltersCore_dir_vtkContourFilter_cxx_o : 0.8590211440249892
t5808_lib_libvtkFiltersCore_6_1_so : 4.373625942023322
t7271_lib_libvtkFiltersGeometry_6_1_so : 6.352117102223845
t6206_lib_libvtkFiltersGeneral_6_1_so : 8.491236014139107
t6971_lib_libvtkFiltersExtraction_6_1_so : 9.374766749334484
t7368_lib_libvtkFiltersSources_6_1_so : 10.326355225208232
t7272_lib_libvtkFiltersGeometry_6_1_so_1 : 21.889825066672394
t7369_lib_libvtkFiltersSources_6_1_so_1 : 35.916547853676114
t5809_lib_libvtkFiltersCore_6_1_so_1 : 39.75177357198421
t6972_lib_libvtkFiltersExtraction_6_1_so_1 : 43.41066705569169
t7096_lib_libvtkInfovisCore_6_1_so : 50.985578559097505
t8418_lib_libvtkRenderingCore_6_1_so : 55.635273244491366
t6207_lib_libvtkFiltersGeneral_6_1_so_1 : 58.87931304098193
t7097_lib_libvtkInfovisCore_6_1_so_1 : 59.80656301070295
t9369_lib_libvtkRenderingFreeType_6_1_so : 130.54756816790103
t8419_lib_libvtkRenderingCore_6_1_so_1 : 130.55358410468557
t9370_lib_libvtkRenderingFreeType_6_1_so_1 : 153.40890372694238

