Commit:3bc798e
Date:Sat Aug 17 20:09:31 2013 -0400
The target Rendering/Core/vtkAbstractPropPicker.h has the following dependencies: 
t8797_Rendering_Core_CMakeFiles_vtkRenderingCore_dir_vtkPickingManager_cxx_o : 0.45863964240646143
t8539_Rendering_Core_CMakeFiles_vtkRenderingCore_dir_vtkInteractorObserver_cxx_o : 0.508357997602001
t8793_Rendering_Core_CMakeFiles_vtkRenderingCore_dir_vtkPropPicker_cxx_o : 0.5250445612177022
t8790_Rendering_Core_CMakeFiles_vtkRenderingCore_dir_vtkAbstractPropPicker_cxx_o : 0.5307032320677986
t8813_Rendering_Core_CMakeFiles_vtkRenderingCore_dir_vtkPointPicker_cxx_o : 0.5644882140789571
t8787_Rendering_Core_CMakeFiles_vtkRenderingCore_dir_vtkPicker_cxx_o : 0.5844045561450687
t8783_Rendering_Core_CMakeFiles_vtkRenderingCore_dir_vtkAreaPicker_cxx_o : 0.6207192168768112
t8817_Rendering_Core_CMakeFiles_vtkRenderingCore_dir_vtkRenderedAreaPicker_cxx_o : 0.6757581824067159
t8809_Rendering_Core_CMakeFiles_vtkRenderingCore_dir_vtkCellPicker_cxx_o : 0.6896134938624766
t8678_Rendering_Core_CMakeFiles_vtkRenderingCore_dir_vtkRenderWindowInteractor_cxx_o : 0.7177235428222656
t8825_Rendering_Core_CMakeFiles_vtkRenderingCore_dir_vtkInteractorStyle_cxx_o : 0.8104849550864941
t8658_Rendering_Core_CMakeFiles_vtkRenderingCore_dir_vtkRenderer_cxx_o : 0.8487520887475313
t8302_lib_libvtkRenderingCore_6_1_so : 55.35548439514359
t8303_lib_libvtkRenderingCore_6_1_so_1 : 129.89525740033787
t9249_lib_libvtkRenderingFreeType_6_1_so : 130.1050215754865
t9250_lib_libvtkRenderingFreeType_6_1_so_1 : 152.88826067704292

The target Rendering/Core/vtkAbstractPropPicker.cxx has the following dependencies: 
t8790_Rendering_Core_CMakeFiles_vtkRenderingCore_dir_vtkAbstractPropPicker_cxx_o : 0.5307032320677986
t8302_lib_libvtkRenderingCore_6_1_so : 55.35548439514359
t8303_lib_libvtkRenderingCore_6_1_so_1 : 129.89525740033787
t9249_lib_libvtkRenderingFreeType_6_1_so : 130.1050215754865
t9250_lib_libvtkRenderingFreeType_6_1_so_1 : 152.88826067704292

