Commit:3c1ef1a
Date:Wed May 29 15:43:34 2013 -0600
The target Common/Transforms/vtkLinearTransform.cxx has the following dependencies: 
t4615_Common_Transforms_CMakeFiles_vtkCommonTransforms_dir_vtkLinearTransform_cxx_o : 0.3660049226990371
t4589_lib_libvtkCommonTransforms_6_1_so : 0.5070334184572378
t5446_lib_libvtkCommonExecutionModel_6_1_so : 1.6601109480523824
t6005_lib_libvtkCommonComputationalGeometry_6_1_so : 1.8301941353550815
t6684_lib_libvtkImagingFourier_6_1_so : 2.222239450961462
t7478_lib_libvtkIOCore_6_1_so : 2.7350216136711136
t6509_lib_libvtkImagingCore_6_1_so : 2.795070283030147
t4666_lib_libvtkCommonDataModel_6_1_so : 3.3663615577025685
t6782_lib_libvtkFiltersStatistics_6_1_so : 3.5837388482361376
t8250_lib_libvtkIOXMLParser_6_1_so : 3.928959551290421
t5692_lib_libvtkFiltersCore_6_1_so : 4.387236518224507
t7155_lib_libvtkFiltersGeometry_6_1_so : 6.397518293740397
t5424_lib_libvtkCommonColor_6_1_so : 6.507217505916088
t8079_lib_libvtkIOImage_6_1_so : 7.002608586090547
t5425_lib_libvtkCommonColor_6_1_so_1 : 7.47907941872481
t4590_lib_libvtkCommonTransforms_6_1_so_1 : 8.40078631664089
t6090_lib_libvtkFiltersGeneral_6_1_so : 8.512620392792726
t6855_lib_libvtkFiltersExtraction_6_1_so : 9.410186396265951
t7252_lib_libvtkFiltersSources_6_1_so : 10.382010171633967
t8251_lib_libvtkIOXMLParser_6_1_so_1 : 13.337504298672075
t6006_lib_libvtkCommonComputationalGeometry_6_1_so_1 : 13.836892879394789
t6685_lib_libvtkImagingFourier_6_1_so_1 : 14.627572595022086
t7479_lib_libvtkIOCore_6_1_so_1 : 18.247211390619626
t6783_lib_libvtkFiltersStatistics_6_1_so_1 : 20.19846381315375
t7156_lib_libvtkFiltersGeometry_6_1_so_1 : 22.050064566142577
t6510_lib_libvtkImagingCore_6_1_so_1 : 24.894779134401382
t5447_lib_libvtkCommonExecutionModel_6_1_so_1 : 28.425617845691907
t9343_lib_libvtkImagingHybrid_6_1_so : 28.745845779501725
t8080_lib_libvtkIOImage_6_1_so_1 : 32.24756981689669
t9344_lib_libvtkImagingHybrid_6_1_so_1 : 33.64217150529615
t7253_lib_libvtkFiltersSources_6_1_so_1 : 36.11297707635518
t5693_lib_libvtkFiltersCore_6_1_so_1 : 39.87987311270125
t6856_lib_libvtkFiltersExtraction_6_1_so_1 : 43.577347747133885
t6980_lib_libvtkInfovisCore_6_1_so : 51.15202737721678
t8302_lib_libvtkRenderingCore_6_1_so : 57.92171862243201
t6091_lib_libvtkFiltersGeneral_6_1_so_1 : 59.03026159618394
t6981_lib_libvtkInfovisCore_6_1_so_1 : 60.00238514966681
t4667_lib_libvtkCommonDataModel_6_1_so_1 : 71.89514070158683
t8303_lib_libvtkRenderingCore_6_1_so_1 : 135.93345558219298
t9249_lib_libvtkRenderingFreeType_6_1_so : 137.51969684878586
t9250_lib_libvtkRenderingFreeType_6_1_so_1 : 161.61140805739512

