Commit:3f75b2a
Date:Tue May 21 23:55:31 2013 -0400
The target Rendering/LOD/vtkLODActor.cxx has the following dependencies: 
t20528_Rendering_LOD_CMakeFiles_vtkRenderingLOD_dir_vtkLODActor_cxx_o : 0.4786353331531469
t20525_lib_libvtkRenderingLOD_7_1_so : 0.9846413849060677
t20526_lib_libvtkRenderingLOD_7_1_so_1 : 3.927724164263848
t21391_bin_vtkRenderingLODCxxTests : 7.608597419295298
t20883_bin_vtkRenderingAnnotationCxxTests : 44.04195950672797
t20546_bin_vtkInteractionWidgetsCxxTests : 85.60728281870834


