Commit:45020cc
Date:Wed Sep 25 11:17:12 2013 -0400
The target Common/DataModel/vtkCubicLine.cxx has the following dependencies: 
t4911_Common_DataModel_CMakeFiles_vtkCommonDataModel_dir_vtkCubicLine_cxx_o : 0.4155277304760974
t5560_lib_libvtkCommonExecutionModel_6_1_so : 1.7777412804280126
t6119_lib_libvtkCommonComputationalGeometry_6_1_so : 1.863788719763885
t6798_lib_libvtkImagingFourier_6_1_so : 2.375271625016841
t6623_lib_libvtkImagingCore_6_1_so : 2.8373291061379073
t7592_lib_libvtkIOCore_6_1_so : 3.468146700024088
t4760_lib_libvtkCommonDataModel_6_1_so : 3.679770972624898
t6896_lib_libvtkFiltersStatistics_6_1_so : 3.687320461178084
t5806_lib_libvtkFiltersCore_6_1_so : 4.4379594641108016
t7269_lib_libvtkFiltersGeometry_6_1_so : 6.526975447016884
t5538_lib_libvtkCommonColor_6_1_so : 6.739983160643686
t5539_lib_libvtkCommonColor_6_1_so_1 : 7.75292136546316
t6204_lib_libvtkFiltersGeneral_6_1_so : 8.589854634773184
t6969_lib_libvtkFiltersExtraction_6_1_so : 9.59410065778116
t8193_lib_libvtkIOImage_6_1_so : 9.9852777945821
t7366_lib_libvtkFiltersSources_6_1_so : 10.544415110938607
t6120_lib_libvtkCommonComputationalGeometry_6_1_so_1 : 14.113554162761405
t6799_lib_libvtkImagingFourier_6_1_so_1 : 15.707799706001232
t7593_lib_libvtkIOCore_6_1_so_1 : 19.518510000141696
t6897_lib_libvtkFiltersStatistics_6_1_so_1 : 20.80776741869461
t7270_lib_libvtkFiltersGeometry_6_1_so_1 : 22.506972165941942
t9361_lib_libvtkImagingHybrid_6_1_so : 25.222503267358576
t6624_lib_libvtkImagingCore_6_1_so_1 : 25.29250923423913
t5561_lib_libvtkCommonExecutionModel_6_1_so_1 : 28.724846125200227
t9362_lib_libvtkImagingHybrid_6_1_so_1 : 29.49706266748068
t7367_lib_libvtkFiltersSources_6_1_so_1 : 36.68617097978331
t5807_lib_libvtkFiltersCore_6_1_so_1 : 40.35726554457225
t6970_lib_libvtkFiltersExtraction_6_1_so_1 : 44.442826624852515
t8194_lib_libvtkIOImage_6_1_so_1 : 46.283660209798114
t7094_lib_libvtkInfovisCore_6_1_so : 52.01471801649887
t8352_lib_libvtkRenderingCore_6_1_so : 53.41931155103301
t6205_lib_libvtkFiltersGeneral_6_1_so_1 : 59.575444480751884
t7095_lib_libvtkInfovisCore_6_1_so_1 : 61.01731531352808
t4761_lib_libvtkCommonDataModel_6_1_so_1 : 74.74809118499785
t8353_lib_libvtkRenderingCore_6_1_so_1 : 125.33955659066592
t9267_lib_libvtkRenderingFreeType_6_1_so : 127.56678647462392
t9268_lib_libvtkRenderingFreeType_6_1_so_1 : 149.90210173485167

