Commit:577db10
Date:Mon Aug 26 18:49:03 2013 -0400
The target IO/Exodus/vtkExodusIIReader.cxx has the following dependencies: 
t19189_IO_Exodus_CMakeFiles_vtkIOExodus_dir_vtkExodusIIReader_cxx_o : 0.718073985150466
t19162_lib_libvtkIOExodus_7_1_so : 8.725267832126258
t19163_lib_libvtkIOExodus_7_1_so_1 : 20.17710078147355
t19219_bin_vtkIOExodusCxxTests : 28.862128055378346


