Commit:59da79c
Date:Mon Oct 21 10:59:00 2013 -0400
The target Views/Infovis/vtkTanglegramItem.h has the following dependencies: 
t21891_Views_Infovis_Testing_Cxx_CMakeFiles_vtkViewsInfovisCxxTests_dir_TestTanglegramItem_cxx_o : 0.48156018472320306
t21806_Views_Infovis_CMakeFiles_vtkViewsInfovis_dir_vtkTanglegramItem_cxx_o : 0.543250056667112
t21717_lib_libvtkViewsInfovis_7_1_so : 16.967541357495474
t21718_lib_libvtkViewsInfovis_7_1_so_1 : 39.57068554704818
t21838_bin_vtkViewsInfovisCxxTests : 63.105015063908986


The target Views/Infovis/vtkTanglegramItem.cxx has the following dependencies: 
t21806_Views_Infovis_CMakeFiles_vtkViewsInfovis_dir_vtkTanglegramItem_cxx_o : 0.543250056667112
t21717_lib_libvtkViewsInfovis_7_1_so : 16.967541357495474
t21718_lib_libvtkViewsInfovis_7_1_so_1 : 39.57068554704818
t21838_bin_vtkViewsInfovisCxxTests : 63.105015063908986


