Commit:5a5b3d2
Date:Mon Jun 10 12:06:51 2013 -0400
The target Charts/Core/vtkPlotLine.cxx has the following dependencies: 
t9747_Charts_Core_CMakeFiles_vtkChartsCore_dir_vtkPlotLine_cxx_o : 0.4129199242820519
t9604_lib_libvtkChartsCore_7_1_so : 4.86710284650653
t21717_lib_libvtkViewsInfovis_7_1_so : 16.967541357495474
t9605_lib_libvtkChartsCore_7_1_so_1 : 22.198131042383668
t21718_lib_libvtkViewsInfovis_7_1_so_1 : 39.57068554704818
t13380_bin_vtkChartsCoreCxxTests : 53.14463308734408
t21838_bin_vtkViewsInfovisCxxTests : 63.105015063908986


The target Charts/Core/vtkPlotPoints.cxx has the following dependencies: 
t9761_Charts_Core_CMakeFiles_vtkChartsCore_dir_vtkPlotPoints_cxx_o : 0.4007279831614547
t9604_lib_libvtkChartsCore_7_1_so : 4.86710284650653
t21717_lib_libvtkViewsInfovis_7_1_so : 16.967541357495474
t9605_lib_libvtkChartsCore_7_1_so_1 : 22.198131042383668
t21718_lib_libvtkViewsInfovis_7_1_so_1 : 39.57068554704818
t13380_bin_vtkChartsCoreCxxTests : 53.14463308734408
t21838_bin_vtkViewsInfovisCxxTests : 63.105015063908986


