Commit:5a92d05
Date:Mon Nov 18 21:37:34 2013 -0500
The target Common/Core/vtkDataArrayIteratorMacro.h has the following dependencies: 
t4646_lib_libvtkCommonMisc_6_1_so : 0.33273075748083336
t4679_lib_libvtkCommonSystem_6_1_so : 0.40458573799829584
t4586_lib_libvtkCommonMath_6_1_so : 0.41901623897137474
t4196_Common_Core_CMakeFiles_vtkCommonCore_dir_vtkDataArray_cxx_o : 0.48541119635318236
t4720_lib_libvtkCommonTransforms_6_1_so : 0.5337243065854684
t6583_Filters_General_CMakeFiles_vtkFiltersGeneral_dir_vtkWarpVector_cxx_o : 0.6233159192251235
t5601_lib_libvtkCommonExecutionModel_6_1_so : 1.7234673069260418
t4005_lib_libvtkCommonCore_6_1_so : 1.8545262573894483
t6153_lib_libvtkCommonComputationalGeometry_6_1_so : 2.1568268473119874
t6832_lib_libvtkImagingFourier_6_1_so : 2.9003449975795235
t6657_lib_libvtkImagingCore_6_1_so : 3.2211941865408145
t4797_lib_libvtkCommonDataModel_6_1_so : 3.7009780089061186
t4647_lib_libvtkCommonMisc_6_1_so_1 : 4.084569873100981
t6930_lib_libvtkFiltersStatistics_6_1_so : 4.792391629644648
t5840_lib_libvtkFiltersCore_6_1_so : 5.067888405510228
t4680_lib_libvtkCommonSystem_6_1_so_1 : 5.69074002584426
t8640_lib_libvtkIOCore_6_1_so : 5.706392687053694
t4587_lib_libvtkCommonMath_6_1_so_1 : 6.646283551057493
t5579_lib_libvtkCommonColor_6_1_so : 6.784433448185466
t5580_lib_libvtkCommonColor_6_1_so_1 : 7.805215821394665
t4721_lib_libvtkCommonTransforms_6_1_so_1 : 8.57736685308694
t7307_lib_libvtkFiltersGeometry_6_1_so : 10.014943399885274
t6238_lib_libvtkFiltersGeneral_6_1_so : 10.458620816843768
t7003_lib_libvtkFiltersExtraction_6_1_so : 14.160952457098174
t6154_lib_libvtkCommonComputationalGeometry_6_1_so_1 : 14.165836569261089
t6833_lib_libvtkImagingFourier_6_1_so_1 : 16.178499985761903
t7404_lib_libvtkFiltersSources_6_1_so : 16.93490188943926
t8641_lib_libvtkIOCore_6_1_so_1 : 19.610797719013036
t9240_lib_libvtkIOImage_6_1_so : 20.83417129885347
t6931_lib_libvtkFiltersStatistics_6_1_so_1 : 21.846548845386575
t7308_lib_libvtkFiltersGeometry_6_1_so_1 : 23.211631529141822
t6658_lib_libvtkImagingCore_6_1_so_1 : 25.292187418571416
t5602_lib_libvtkCommonExecutionModel_6_1_so_1 : 27.767070122224265
t9375_lib_libvtkImagingHybrid_6_1_so : 36.69307465070716
t7405_lib_libvtkFiltersSources_6_1_so_1 : 39.49388679868062
t5841_lib_libvtkFiltersCore_6_1_so_1 : 40.50025745714305
t9376_lib_libvtkImagingHybrid_6_1_so_1 : 42.99185253024372
t4006_lib_libvtkCommonCore_6_1_so_1 : 46.12247519994978
t9241_lib_libvtkIOImage_6_1_so_1 : 48.66863835024346
t7004_lib_libvtkFiltersExtraction_6_1_so_1 : 49.45042043681708
t7545_lib_libvtkRenderingCore_6_1_so : 56.06413633890063
t7128_lib_libvtkInfovisCore_6_1_so : 60.558572087053584
t6239_lib_libvtkFiltersGeneral_6_1_so_1 : 60.63894598143393
t7129_lib_libvtkInfovisCore_6_1_so_1 : 71.0689083377101
t4798_lib_libvtkCommonDataModel_6_1_so_1 : 75.19718136507076
t8517_lib_libvtkRenderingFreeType_6_1_so : 76.39223741785916
t8518_lib_libvtkRenderingFreeType_6_1_so_1 : 89.69674990336371
t7546_lib_libvtkRenderingCore_6_1_so_1 : 131.56267373858972

