Commit:5c6f176
Date:Thu Jun 27 13:11:38 2013 -0400
The target Filters/General/vtkTableToStructuredGrid.cxx has the following dependencies: 
t6377_Filters_General_CMakeFiles_vtkFiltersGeneral_dir_vtkTableToStructuredGrid_cxx_o : 0.5330648998547185
t6090_lib_libvtkFiltersGeneral_6_1_so : 8.515544732330993
t6855_lib_libvtkFiltersExtraction_6_1_so : 9.409399784045407
t7252_lib_libvtkFiltersSources_6_1_so : 10.382676614968577
t7253_lib_libvtkFiltersSources_6_1_so_1 : 36.11532922930086
t6856_lib_libvtkFiltersExtraction_6_1_so_1 : 43.57364604256662
t6980_lib_libvtkInfovisCore_6_1_so : 51.15311928711384
t8302_lib_libvtkRenderingCore_6_1_so : 57.92232312556424
t6091_lib_libvtkFiltersGeneral_6_1_so_1 : 59.05090399292465
t6981_lib_libvtkInfovisCore_6_1_so_1 : 60.00366974954569
t8303_lib_libvtkRenderingCore_6_1_so_1 : 135.9348779425041
t9249_lib_libvtkRenderingFreeType_6_1_so : 137.52141968271255
t9250_lib_libvtkRenderingFreeType_6_1_so_1 : 161.6134349208383

