Commit:5d600bd
Date:Mon Sep 16 13:53:22 2013 -0600
The target Utilities/octree/octree_path.cxx has the following dependencies: 
t16187_Rendering_Label_CMakeFiles_vtkRenderingLabel_dir_vtkLabelHierarchyIterator_cxx_o : 1.1906858032083174
t16171_Rendering_Label_CMakeFiles_vtkRenderingLabel_dir_vtkLabelHierarchy_cxx_o : 1.362941221379201
t16149_lib_libvtkRenderingLabel_7_1_so : 1.4520620825697637
t16150_lib_libvtkRenderingLabel_7_1_so_1 : 10.722864209398054
t21408_bin_vtkRenderingLabelCxxTests : 12.017650916151142
t21717_lib_libvtkViewsInfovis_7_1_so : 16.967541357495474
t16352_bin_vtkFiltersGenericCxxTests : 18.01141061677244
t20496_bin_vtkInfovisLayoutCxxTests : 20.764672539541433
t16227_bin_vtkFiltersGeneralCxxTests : 27.164241235885854
t21718_lib_libvtkViewsInfovis_7_1_so_1 : 39.57068554704818
t21838_bin_vtkViewsInfovisCxxTests : 63.105015063908986


The target Utilities/octree/octree_path.h has the following dependencies: 
t16187_Rendering_Label_CMakeFiles_vtkRenderingLabel_dir_vtkLabelHierarchyIterator_cxx_o : 1.1906858032083174
t16171_Rendering_Label_CMakeFiles_vtkRenderingLabel_dir_vtkLabelHierarchy_cxx_o : 1.362941221379201
t16149_lib_libvtkRenderingLabel_7_1_so : 1.4520620825697637
t16150_lib_libvtkRenderingLabel_7_1_so_1 : 10.722864209398054
t21408_bin_vtkRenderingLabelCxxTests : 12.017650916151142
t21717_lib_libvtkViewsInfovis_7_1_so : 16.967541357495474
t16352_bin_vtkFiltersGenericCxxTests : 18.01141061677244
t20496_bin_vtkInfovisLayoutCxxTests : 20.764672539541433
t16227_bin_vtkFiltersGeneralCxxTests : 27.164241235885854
t21718_lib_libvtkViewsInfovis_7_1_so_1 : 39.57068554704818
t21838_bin_vtkViewsInfovisCxxTests : 63.105015063908986


