Commit:65a6d82
Date:Fri Nov 1 09:30:36 2013 -0400
The target Common/Core/vtkSMPTools.h has the following dependencies: 
t4649_lib_libvtkCommonMisc_6_1_so : 0.3330922686478049
t4682_lib_libvtkCommonSystem_6_1_so : 0.4049849025297233
t4589_lib_libvtkCommonMath_6_1_so : 0.41933190246195684
t4723_lib_libvtkCommonTransforms_6_1_so : 0.53410686593631
t4528_Common_Core_CMakeFiles_vtkCommonCore_dir_SMP_Sequential_vtkSMPTools_cxx_o : 0.7269051050191359
t5604_lib_libvtkCommonExecutionModel_6_1_so : 1.6350825710149195
t4008_lib_libvtkCommonCore_6_1_so : 1.8622648490678402
t6143_lib_libvtkCommonComputationalGeometry_6_1_so : 2.158268452260276
t6822_lib_libvtkImagingFourier_6_1_so : 2.8854820953745337
t6647_lib_libvtkImagingCore_6_1_so : 3.21188608411084
t4800_lib_libvtkCommonDataModel_6_1_so : 3.7018543289780776
t4650_lib_libvtkCommonMisc_6_1_so_1 : 4.092650710950933
t6920_lib_libvtkFiltersStatistics_6_1_so : 4.770918656559689
t5830_lib_libvtkFiltersCore_6_1_so : 5.059268701603368
t8630_lib_libvtkIOCore_6_1_so : 5.684406962825351
t4683_lib_libvtkCommonSystem_6_1_so_1 : 5.699662527134992
t4590_lib_libvtkCommonMath_6_1_so_1 : 6.654082296118934
t5582_lib_libvtkCommonColor_6_1_so : 6.793019744016549
t5583_lib_libvtkCommonColor_6_1_so_1 : 7.815317345901822
t4724_lib_libvtkCommonTransforms_6_1_so_1 : 8.58591817975281
t7297_lib_libvtkFiltersGeometry_6_1_so : 9.978895329105745
t6228_lib_libvtkFiltersGeneral_6_1_so : 10.443006941269385
t6993_lib_libvtkFiltersExtraction_6_1_so : 14.12021668008911
t6144_lib_libvtkCommonComputationalGeometry_6_1_so_1 : 14.176012604190186
t6823_lib_libvtkImagingFourier_6_1_so_1 : 16.091071149261964
t7394_lib_libvtkFiltersSources_6_1_so : 16.892108973974896
t8631_lib_libvtkIOCore_6_1_so_1 : 19.533201045265944
t9230_lib_libvtkIOImage_6_1_so : 20.793266621417434
t6921_lib_libvtkFiltersStatistics_6_1_so_1 : 21.74549956028089
t7298_lib_libvtkFiltersGeometry_6_1_so_1 : 23.12681253907234
t6648_lib_libvtkImagingCore_6_1_so_1 : 25.21553245738339
t5605_lib_libvtkCommonExecutionModel_6_1_so_1 : 26.20733948849858
t9365_lib_libvtkImagingHybrid_6_1_so : 36.56536323736855
t7395_lib_libvtkFiltersSources_6_1_so_1 : 39.39319758582329
t5831_lib_libvtkFiltersCore_6_1_so_1 : 40.429271660263026
t9366_lib_libvtkImagingHybrid_6_1_so_1 : 42.841603808668886
t4009_lib_libvtkCommonCore_6_1_so_1 : 46.33187238654156
t9231_lib_libvtkIOImage_6_1_so_1 : 48.572392050393965
t6994_lib_libvtkFiltersExtraction_6_1_so_1 : 49.30664710619686
t7535_lib_libvtkRenderingCore_6_1_so : 55.96023075425953
t7118_lib_libvtkInfovisCore_6_1_so : 60.40305644334936
t6229_lib_libvtkFiltersGeneral_6_1_so_1 : 60.547099654525795
t7119_lib_libvtkInfovisCore_6_1_so_1 : 70.8859487568816
t4801_lib_libvtkCommonDataModel_6_1_so_1 : 75.21573873130048
t8507_lib_libvtkRenderingFreeType_6_1_so : 76.23782066030819
t8508_lib_libvtkRenderingFreeType_6_1_so_1 : 89.51508312977434
t7536_lib_libvtkRenderingCore_6_1_so_1 : 131.31819001002242

