Commit:7ffa317
Date:Fri Jun 28 18:51:40 2013 +0200
The target Common/DataModel/vtkEdgeTable.cxx has the following dependencies: 
t4895_Common_DataModel_CMakeFiles_vtkCommonDataModel_dir_vtkEdgeTable_cxx_o : 0.42587961734452046
t5446_lib_libvtkCommonExecutionModel_6_1_so : 1.6597649481894434
t6005_lib_libvtkCommonComputationalGeometry_6_1_so : 1.8301902874540792
t6684_lib_libvtkImagingFourier_6_1_so : 2.22216959820585
t7478_lib_libvtkIOCore_6_1_so : 2.7349681078060275
t6509_lib_libvtkImagingCore_6_1_so : 2.7949548932146655
t4666_lib_libvtkCommonDataModel_6_1_so : 3.3663298691060777
t6782_lib_libvtkFiltersStatistics_6_1_so : 3.58364314996095
t8250_lib_libvtkIOXMLParser_6_1_so : 3.9288373795651417
t5692_lib_libvtkFiltersCore_6_1_so : 4.3870458679923585
t7155_lib_libvtkFiltersGeometry_6_1_so : 6.397256917222225
t5424_lib_libvtkCommonColor_6_1_so : 6.5071905706090725
t8079_lib_libvtkIOImage_6_1_so : 7.002516957296587
t5425_lib_libvtkCommonColor_6_1_so_1 : 7.47904773012832
t6090_lib_libvtkFiltersGeneral_6_1_so : 8.515544732330993
t6855_lib_libvtkFiltersExtraction_6_1_so : 9.409399784045407
t7252_lib_libvtkFiltersSources_6_1_so : 10.382676614968577
t8251_lib_libvtkIOXMLParser_6_1_so_1 : 13.33707310434756
t6006_lib_libvtkCommonComputationalGeometry_6_1_so_1 : 13.836861190798299
t6685_lib_libvtkImagingFourier_6_1_so_1 : 14.627079516747177
t7479_lib_libvtkIOCore_6_1_so_1 : 18.246833702160195
t6783_lib_libvtkFiltersStatistics_6_1_so_1 : 20.197900882123236
t7156_lib_libvtkFiltersGeometry_6_1_so_1 : 22.049142060784323
t6510_lib_libvtkImagingCore_6_1_so_1 : 24.893693112608617
t5447_lib_libvtkCommonExecutionModel_6_1_so_1 : 28.41910490709541
t9343_lib_libvtkImagingHybrid_6_1_so : 28.740396319341194
t8080_lib_libvtkIOImage_6_1_so_1 : 32.24713862257217
t9344_lib_libvtkImagingHybrid_6_1_so_1 : 33.635760375695526
t7253_lib_libvtkFiltersSources_6_1_so_1 : 36.11532922930086
t5693_lib_libvtkFiltersCore_6_1_so_1 : 39.87807875757514
t6856_lib_libvtkFiltersExtraction_6_1_so_1 : 43.57364604256662
t6980_lib_libvtkInfovisCore_6_1_so : 51.15311928711384
t8302_lib_libvtkRenderingCore_6_1_so : 57.92232312556424
t6091_lib_libvtkFiltersGeneral_6_1_so_1 : 59.05090399292465
t6981_lib_libvtkInfovisCore_6_1_so_1 : 60.00366974954569
t4667_lib_libvtkCommonDataModel_6_1_so_1 : 71.8944323682535
t8303_lib_libvtkRenderingCore_6_1_so_1 : 135.9348779425041
t9249_lib_libvtkRenderingFreeType_6_1_so : 137.52141968271255
t9250_lib_libvtkRenderingFreeType_6_1_so_1 : 161.6134349208383

