Commit:82a8447
Date:Fri Mar 15 23:10:39 2013 -0400
The target Common/Core/vtkDebugLeaks.cxx has the following dependencies: 
t4555_lib_libvtkCommonMisc_6_1_so : 0.31896260486472927
t4118_Common_Core_CMakeFiles_vtkCommonCore_dir_vtkDebugLeaks_cxx_o : 0.37558333475836164
t4588_lib_libvtkCommonSystem_6_1_so : 0.38054644172602414
t4495_lib_libvtkCommonMath_6_1_so : 0.4032393948398932
t4629_lib_libvtkCommonTransforms_6_1_so : 0.509047091670403
t5486_lib_libvtkCommonExecutionModel_6_1_so : 1.6516605465953815
t3924_lib_libvtkCommonCore_6_1_so : 1.7628677760605584
t6045_lib_libvtkCommonComputationalGeometry_6_1_so : 1.811222829962254
t6724_lib_libvtkImagingFourier_6_1_so : 2.2869386838237666
t6549_lib_libvtkImagingCore_6_1_so : 2.777719467915955
t7518_lib_libvtkIOCore_6_1_so : 2.817576229085852
t4706_lib_libvtkCommonDataModel_6_1_so : 3.387524475761756
t6822_lib_libvtkFiltersStatistics_6_1_so : 3.563696122097556
t4556_lib_libvtkCommonMisc_6_1_so_1 : 3.9755907026995114
t8290_lib_libvtkIOXMLParser_6_1_so : 3.9861591456324024
t5732_lib_libvtkFiltersCore_6_1_so : 4.370529839807778
t4589_lib_libvtkCommonSystem_6_1_so_1 : 5.424622158259391
t7195_lib_libvtkFiltersGeometry_6_1_so : 6.345915343640114
t5464_lib_libvtkCommonColor_6_1_so : 6.372337278613864
t4496_lib_libvtkCommonMath_6_1_so_1 : 6.554431395856057
t5465_lib_libvtkCommonColor_6_1_so_1 : 7.320396798369252
t4630_lib_libvtkCommonTransforms_6_1_so_1 : 8.44816686283301
t6130_lib_libvtkFiltersGeneral_6_1_so : 8.4880394117142
t6895_lib_libvtkFiltersExtraction_6_1_so : 9.367003663985669
t8119_lib_libvtkIOImage_6_1_so : 9.70942830478727
t7292_lib_libvtkFiltersSources_6_1_so : 10.318629144632
t8291_lib_libvtkIOXMLParser_6_1_so_1 : 13.539385219879067
t6046_lib_libvtkCommonComputationalGeometry_6_1_so_1 : 13.68065859968915
t6725_lib_libvtkImagingFourier_6_1_so_1 : 15.084273062285412
t7519_lib_libvtkIOCore_6_1_so_1 : 18.82994985237072
t6823_lib_libvtkFiltersStatistics_6_1_so_1 : 20.08056542410327
t7196_lib_libvtkFiltersGeometry_6_1_so_1 : 21.86793650696511
t9383_lib_libvtkImagingHybrid_6_1_so : 23.900420141775506
t6550_lib_libvtkImagingCore_6_1_so_1 : 24.731477345091342
t9384_lib_libvtkImagingHybrid_6_1_so_1 : 27.94167075503001
t5487_lib_libvtkCommonExecutionModel_6_1_so_1 : 28.266551465324827
t7293_lib_libvtkFiltersSources_6_1_so_1 : 35.8892793339953
t5733_lib_libvtkFiltersCore_6_1_so_1 : 39.722633786426144
t6896_lib_libvtkFiltersExtraction_6_1_so_1 : 43.374134889344326
t8120_lib_libvtkIOImage_6_1_so_1 : 44.9855449637048
t3925_lib_libvtkCommonCore_6_1_so_1 : 45.53979602994518
t7020_lib_libvtkInfovisCore_6_1_so : 50.94798700253273
t8342_lib_libvtkRenderingCore_6_1_so : 55.431817620477034
t6131_lib_libvtkFiltersGeneral_6_1_so_1 : 58.85674878857082
t7021_lib_libvtkInfovisCore_6_1_so_1 : 59.7623376500385
t4707_lib_libvtkCommonDataModel_6_1_so_1 : 72.36819416408632
t8343_lib_libvtkRenderingCore_6_1_so_1 : 130.07486498935774
t9289_lib_libvtkRenderingFreeType_6_1_so : 130.31417236970404
t9290_lib_libvtkRenderingFreeType_6_1_so_1 : 153.13432043494592

