Commit:8c12163
Date:Thu Nov 14 11:32:01 2013 -0500
The target Filters/Core/vtkArrayCalculator.cxx has the following dependencies: 
t5856_Filters_Core_CMakeFiles_vtkFiltersCore_dir_vtkArrayCalculator_cxx_o : 0.48126219035373574
t5840_lib_libvtkFiltersCore_6_1_so : 5.067888405510227
t7307_lib_libvtkFiltersGeometry_6_1_so : 10.014943399885276
t6238_lib_libvtkFiltersGeneral_6_1_so : 10.458620816843768
t7003_lib_libvtkFiltersExtraction_6_1_so : 14.160952457098169
t7404_lib_libvtkFiltersSources_6_1_so : 16.934901889439253
t7308_lib_libvtkFiltersGeometry_6_1_so_1 : 23.211631529141826
t7405_lib_libvtkFiltersSources_6_1_so_1 : 39.4938867986806
t5841_lib_libvtkFiltersCore_6_1_so_1 : 40.50025745714304
t7004_lib_libvtkFiltersExtraction_6_1_so_1 : 49.45042043681707
t7545_lib_libvtkRenderingCore_6_1_so : 56.06413633890064
t7128_lib_libvtkInfovisCore_6_1_so : 60.55857208705357
t6239_lib_libvtkFiltersGeneral_6_1_so_1 : 60.63894598143393
t7129_lib_libvtkInfovisCore_6_1_so_1 : 71.06890833771008
t8517_lib_libvtkRenderingFreeType_6_1_so : 76.39223741785915
t8518_lib_libvtkRenderingFreeType_6_1_so_1 : 89.6967499033637
t7546_lib_libvtkRenderingCore_6_1_so_1 : 131.56267373858975

The target Filters/Core/vtkArrayCalculator.h has the following dependencies: 
t5856_Filters_Core_CMakeFiles_vtkFiltersCore_dir_vtkArrayCalculator_cxx_o : 0.48126219035373574
t7745_Rendering_Core_CMakeFiles_vtkRenderingCore_dir_vtkGraphToGlyphs_cxx_o : 0.8258219095742654
t5840_lib_libvtkFiltersCore_6_1_so : 5.067888405510227
t7307_lib_libvtkFiltersGeometry_6_1_so : 10.014943399885276
t6238_lib_libvtkFiltersGeneral_6_1_so : 10.458620816843768
t7003_lib_libvtkFiltersExtraction_6_1_so : 14.160952457098169
t7404_lib_libvtkFiltersSources_6_1_so : 16.934901889439253
t7308_lib_libvtkFiltersGeometry_6_1_so_1 : 23.211631529141826
t7405_lib_libvtkFiltersSources_6_1_so_1 : 39.4938867986806
t5841_lib_libvtkFiltersCore_6_1_so_1 : 40.50025745714304
t7004_lib_libvtkFiltersExtraction_6_1_so_1 : 49.45042043681707
t7545_lib_libvtkRenderingCore_6_1_so : 56.06413633890064
t7128_lib_libvtkInfovisCore_6_1_so : 60.55857208705357
t6239_lib_libvtkFiltersGeneral_6_1_so_1 : 60.63894598143393
t7129_lib_libvtkInfovisCore_6_1_so_1 : 71.06890833771008
t8517_lib_libvtkRenderingFreeType_6_1_so : 76.39223741785915
t8518_lib_libvtkRenderingFreeType_6_1_so_1 : 89.6967499033637
t7546_lib_libvtkRenderingCore_6_1_so_1 : 131.56267373858975

