Commit:8f4f560
Date:Mon Oct 21 13:33:23 2013 -0700
The target Rendering/OpenGL/vtkDepthPeelingPass.cxx has the following dependencies: 
t9554_Rendering_OpenGL_CMakeFiles_vtkRenderingOpenGL_dir_vtkDepthPeelingPass_cxx_o : 0.6064867167466826
t9515_lib_libvtkRenderingOpenGL_6_1_so : 31.22398545098716
t9516_lib_libvtkRenderingOpenGL_6_1_so_1 : 36.55762994233784

