Commit:90cbb8f
Date:Mon Dec 30 19:06:02 2013 -0500
The target Filters/FlowPaths/vtkCachingInterpolatedVelocityField.h has the following dependencies: 
t16022_Filters_FlowPaths_CMakeFiles_vtkFiltersFlowPaths_dir_vtkCachingInterpolatedVelocityField_cxx_o : 0.445213656946436
t16018_Filters_FlowPaths_CMakeFiles_vtkFiltersFlowPaths_dir_vtkTemporalInterpolatedVelocityField_cxx_o : 0.47753532510386
t15965_lib_libvtkFiltersFlowPaths_7_1_so : 2.2623022621992885
t15966_lib_libvtkFiltersFlowPaths_7_1_so_1 : 9.94024593976136
t16075_bin_vtkFiltersFlowPathsCxxTests : 12.68226202549646
t16227_bin_vtkFiltersGeneralCxxTests : 27.164241235885854
t20546_bin_vtkInteractionWidgetsCxxTests : 85.60728281870834


The target Filters/FlowPaths/vtkCachingInterpolatedVelocityField.cxx has the following dependencies: 
t16022_Filters_FlowPaths_CMakeFiles_vtkFiltersFlowPaths_dir_vtkCachingInterpolatedVelocityField_cxx_o : 0.445213656946436
t15965_lib_libvtkFiltersFlowPaths_7_1_so : 2.2623022621992885
t15966_lib_libvtkFiltersFlowPaths_7_1_so_1 : 9.94024593976136
t16075_bin_vtkFiltersFlowPathsCxxTests : 12.68226202549646
t16227_bin_vtkFiltersGeneralCxxTests : 27.164241235885854
t20546_bin_vtkInteractionWidgetsCxxTests : 85.60728281870834


The target Filters/FlowPaths/vtkTemporalInterpolatedVelocityField.cxx has the following dependencies: 
t16018_Filters_FlowPaths_CMakeFiles_vtkFiltersFlowPaths_dir_vtkTemporalInterpolatedVelocityField_cxx_o : 0.47753532510386
t15965_lib_libvtkFiltersFlowPaths_7_1_so : 2.2623022621992885
t15966_lib_libvtkFiltersFlowPaths_7_1_so_1 : 9.94024593976136
t16075_bin_vtkFiltersFlowPathsCxxTests : 12.68226202549646
t16227_bin_vtkFiltersGeneralCxxTests : 27.164241235885854
t20546_bin_vtkInteractionWidgetsCxxTests : 85.60728281870834


