Commit:93f187c
Date:Sun Jan 5 14:28:10 2014 -0500
The target Filters/FlowPaths/vtkParticleTracerBase.cxx has the following dependencies: 
t16002_Filters_FlowPaths_CMakeFiles_vtkFiltersFlowPaths_dir_vtkParticleTracerBase_cxx_o : 0.5574241300009691
t15965_lib_libvtkFiltersFlowPaths_7_1_so : 2.2623022621992885
t15966_lib_libvtkFiltersFlowPaths_7_1_so_1 : 9.94024593976136
t16075_bin_vtkFiltersFlowPathsCxxTests : 12.68226202549646
t16227_bin_vtkFiltersGeneralCxxTests : 27.164241235885854
t20546_bin_vtkInteractionWidgetsCxxTests : 85.60728281870834


