Commit:978938c
Date:Fri Oct 4 10:21:00 2013 -0400
The target IO/Infovis/vtkNewickTreeReader.cxx has the following dependencies: 
t10628_IO_Infovis_CMakeFiles_vtkIOInfovis_dir_vtkNewickTreeReader_cxx_o : 0.41941514822457776
t10591_lib_libvtkIOInfovis_7_1_so : 2.1061834075302337
t10592_lib_libvtkIOInfovis_7_1_so_1 : 13.808353464919296
t19551_bin_vtkIOInfovisCxxTests : 19.513487529394254
t20496_bin_vtkInfovisLayoutCxxTests : 20.764672539541433
t20416_bin_vtkInfovisCoreCxxTests : 24.211791898653985
t13380_bin_vtkChartsCoreCxxTests : 53.14463308734408
t21838_bin_vtkViewsInfovisCxxTests : 63.105015063908986


