Commit:a119430
Date:Wed Sep 25 11:16:25 2013 -0400
The target IO/Core/vtkWriter.cxx has the following dependencies: 
t7671_IO_Core_CMakeFiles_vtkIOCore_dir_vtkWriter_cxx_o : 0.40257200639581797
t7592_lib_libvtkIOCore_6_1_so : 3.468146700024088
t8193_lib_libvtkIOImage_6_1_so : 9.9852777945821
t7593_lib_libvtkIOCore_6_1_so_1 : 19.518510000141696
t9361_lib_libvtkImagingHybrid_6_1_so : 25.222503267358576
t9362_lib_libvtkImagingHybrid_6_1_so_1 : 29.49706266748068
t8194_lib_libvtkIOImage_6_1_so_1 : 46.283660209798114
t8352_lib_libvtkRenderingCore_6_1_so : 53.41931155103301
t8353_lib_libvtkRenderingCore_6_1_so_1 : 125.33955659066592
t9267_lib_libvtkRenderingFreeType_6_1_so : 127.56678647462392
t9268_lib_libvtkRenderingFreeType_6_1_so_1 : 149.90210173485167

