Commit:a3da41d
Date:Sun Nov 10 14:37:09 2013 -0500
The target Common/DataModel/vtkQuadratureSchemeDefinition.h has the following dependencies: 
t5219_Common_DataModel_CMakeFiles_vtkCommonDataModel_dir_vtkInformationQuadratureSchemeDefinitionVectorKey_cxx_o : 0.44056763916882724
t5401_Common_DataModel_CMakeFiles_vtkCommonDataModel_dir_vtkQuadratureSchemeDefinition_cxx_o : 0.46054061321643996
t6452_Filters_General_CMakeFiles_vtkFiltersGeneral_dir_vtkQuadratureSchemeDictionaryGenerator_cxx_o : 0.5679445370027016
t6448_Filters_General_CMakeFiles_vtkFiltersGeneral_dir_vtkQuadraturePointsGenerator_cxx_o : 0.6292135618317597
t6443_Filters_General_CMakeFiles_vtkFiltersGeneral_dir_vtkQuadraturePointInterpolator_cxx_o : 0.6314866988509903
t5601_lib_libvtkCommonExecutionModel_6_1_so : 1.72358312837319
t6153_lib_libvtkCommonComputationalGeometry_6_1_so : 2.1568420357016853
t6832_lib_libvtkImagingFourier_6_1_so : 2.90038877777715
t6657_lib_libvtkImagingCore_6_1_so : 3.221221269193424
t4797_lib_libvtkCommonDataModel_6_1_so : 3.7010810743342724
t6930_lib_libvtkFiltersStatistics_6_1_so : 4.792512508389877
t5840_lib_libvtkFiltersCore_6_1_so : 5.06806593561529
t8640_lib_libvtkIOCore_6_1_so : 5.706470584961807
t5579_lib_libvtkCommonColor_6_1_so : 6.784530880688806
t5580_lib_libvtkCommonColor_6_1_so_1 : 7.805330447869183
t7307_lib_libvtkFiltersGeometry_6_1_so : 10.015404822573938
t6238_lib_libvtkFiltersGeneral_6_1_so : 10.456188070311752
t7003_lib_libvtkFiltersExtraction_6_1_so : 14.160657687298482
t6154_lib_libvtkCommonComputationalGeometry_6_1_so_1 : 14.165943781423664
t6833_lib_libvtkImagingFourier_6_1_so_1 : 16.17875751633618
t7404_lib_libvtkFiltersSources_6_1_so : 16.934023040854875
t8641_lib_libvtkIOCore_6_1_so_1 : 19.611072652806378
t9240_lib_libvtkIOImage_6_1_so : 20.83430234583113
t6931_lib_libvtkFiltersStatistics_6_1_so_1 : 21.8471176865406
t7308_lib_libvtkFiltersGeometry_6_1_so_1 : 23.212717229585735
t6658_lib_libvtkImagingCore_6_1_so_1 : 25.292410452181137
t5602_lib_libvtkCommonExecutionModel_6_1_so_1 : 27.769114030115116
t9375_lib_libvtkImagingHybrid_6_1_so : 36.69346485268304
t7405_lib_libvtkFiltersSources_6_1_so_1 : 39.491818919658535
t5841_lib_libvtkFiltersCore_6_1_so_1 : 40.50171946977297
t9376_lib_libvtkImagingHybrid_6_1_so_1 : 42.99231159139182
t9241_lib_libvtkIOImage_6_1_so_1 : 48.668946696073256
t7004_lib_libvtkFiltersExtraction_6_1_so_1 : 49.44938007281817
t7545_lib_libvtkRenderingCore_6_1_so : 56.0647185131029
t7128_lib_libvtkInfovisCore_6_1_so : 60.55961718140395
t6239_lib_libvtkFiltersGeneral_6_1_so_1 : 60.62463570771619
t7129_lib_libvtkInfovisCore_6_1_so_1 : 71.07013786047524
t4798_lib_libvtkCommonDataModel_6_1_so_1 : 75.1993639270787
t8517_lib_libvtkRenderingFreeType_6_1_so : 76.39293444882966
t8518_lib_libvtkRenderingFreeType_6_1_so_1 : 89.69756993979959
t7546_lib_libvtkRenderingCore_6_1_so_1 : 131.56404356024214

