Commit:a3dee77
Date:Wed Aug 21 10:08:32 2013 -0400
The target Common/DataModel/vtkHyperTree.cxx has the following dependencies: 
t5020_Common_DataModel_CMakeFiles_vtkCommonDataModel_dir_vtkHyperTree_cxx_o : 0.41887409531489733
t5456_lib_libvtkCommonExecutionModel_6_1_so : 1.6518131395026017
t6015_lib_libvtkCommonComputationalGeometry_6_1_so : 1.8110671045466575
t6694_lib_libvtkImagingFourier_6_1_so : 2.2866635771790262
t6519_lib_libvtkImagingCore_6_1_so : 2.7778422162278975
t7488_lib_libvtkIOCore_6_1_so : 2.8174750261699235
t4676_lib_libvtkCommonDataModel_6_1_so : 3.388203449330655
t6792_lib_libvtkFiltersStatistics_6_1_so : 3.5634075151048767
t8260_lib_libvtkIOXMLParser_6_1_so : 3.9853689012737905
t5702_lib_libvtkFiltersCore_6_1_so : 4.3710388529786695
t7165_lib_libvtkFiltersGeometry_6_1_so : 6.345827728503139
t5434_lib_libvtkCommonColor_6_1_so : 6.369834574934812
t5435_lib_libvtkCommonColor_6_1_so_1 : 7.317452441099778
t6100_lib_libvtkFiltersGeneral_6_1_so : 8.489150731186733
t6865_lib_libvtkFiltersExtraction_6_1_so : 9.36720181718195
t8089_lib_libvtkIOImage_6_1_so : 9.70943157301498
t7262_lib_libvtkFiltersSources_6_1_so : 10.31913600788342
t8261_lib_libvtkIOXMLParser_6_1_so_1 : 13.536596122142791
t6016_lib_libvtkCommonComputationalGeometry_6_1_so_1 : 13.67937615509012
t6695_lib_libvtkImagingFourier_6_1_so_1 : 15.082331133028422
t7489_lib_libvtkIOCore_6_1_so_1 : 18.82923547884652
t6793_lib_libvtkFiltersStatistics_6_1_so_1 : 20.078867735911043
t7166_lib_libvtkFiltersGeometry_6_1_so_1 : 21.8676272770699
t9353_lib_libvtkImagingHybrid_6_1_so : 23.89895112475393
t6520_lib_libvtkImagingCore_6_1_so_1 : 24.73263262332139
t9354_lib_libvtkImagingHybrid_6_1_so_1 : 27.939942499710504
t5457_lib_libvtkCommonExecutionModel_6_1_so_1 : 28.269423802401917
t7263_lib_libvtkFiltersSources_6_1_so_1 : 35.89106826311795
t5703_lib_libvtkFiltersCore_6_1_so_1 : 39.72742449862277
t6866_lib_libvtkFiltersExtraction_6_1_so_1 : 43.37506737497388
t8090_lib_libvtkIOImage_6_1_so_1 : 44.98556034359991
t6990_lib_libvtkInfovisCore_6_1_so : 50.95000751486211
t8312_lib_libvtkRenderingCore_6_1_so : 55.4369547474157
t6101_lib_libvtkFiltersGeneral_6_1_so_1 : 58.86459339661223
t6991_lib_libvtkInfovisCore_6_1_so_1 : 59.76471472336719
t4677_lib_libvtkCommonDataModel_6_1_so_1 : 72.3833712203323
t8313_lib_libvtkRenderingCore_6_1_so_1 : 130.08695234686047
t9259_lib_libvtkRenderingFreeType_6_1_so : 130.3176004644308
t9260_lib_libvtkRenderingFreeType_6_1_so_1 : 153.13835348756564

