Commit:a4c85d8
Date:Tue Dec 17 13:01:08 2013 -0500
The target Common/DataModel/vtkUnstructuredGridCellIterator.cxx has the following dependencies: 
t5543_Common_DataModel_CMakeFiles_vtkCommonDataModel_dir_vtkUnstructuredGridCellIterator_cxx_o : 0.43853783594129697
t5635_lib_libvtkCommonExecutionModel_6_1_so : 1.7252110145962027
t6191_lib_libvtkCommonComputationalGeometry_6_1_so : 2.1616374434250045
t6870_lib_libvtkImagingFourier_6_1_so : 2.929343132421334
t6695_lib_libvtkImagingCore_6_1_so : 3.2245940387542467
t4827_lib_libvtkCommonDataModel_6_1_so : 3.7264056558994296
t6968_lib_libvtkFiltersStatistics_6_1_so : 4.990028765983636
t5874_lib_libvtkFiltersCore_6_1_so : 5.131017200193902
t8686_lib_libvtkIOCore_6_1_so : 5.753378973302976
t5613_lib_libvtkCommonColor_6_1_so : 6.8134070542084535
t5614_lib_libvtkCommonColor_6_1_so_1 : 7.839302416715827
t7353_lib_libvtkFiltersGeometry_6_1_so : 10.055526872903233
t6276_lib_libvtkFiltersGeneral_6_1_so : 10.473050796946824
t6192_lib_libvtkCommonComputationalGeometry_6_1_so_1 : 14.199793718294151
t7049_lib_libvtkFiltersExtraction_6_1_so : 14.256266522286657
t6871_lib_libvtkImagingFourier_6_1_so_1 : 16.34907724953726
t7450_lib_libvtkFiltersSources_6_1_so : 16.983767641211866
t8687_lib_libvtkIOCore_6_1_so_1 : 19.776631670481088
t9286_lib_libvtkIOImage_6_1_so : 20.92438654335697
t6969_lib_libvtkFiltersStatistics_6_1_so_1 : 22.77660595757005
t7354_lib_libvtkFiltersGeometry_6_1_so_1 : 23.30712205388996
t6696_lib_libvtkImagingCore_6_1_so_1 : 25.32018620150556
t5636_lib_libvtkCommonExecutionModel_6_1_so_1 : 27.79784143405064
t9421_lib_libvtkImagingHybrid_6_1_so : 36.84091711065161
t7451_lib_libvtkFiltersSources_6_1_so_1 : 39.608865038145574
t5875_lib_libvtkFiltersCore_6_1_so_1 : 41.02014164865567
t9422_lib_libvtkImagingHybrid_6_1_so_1 : 43.16578483606072
t9287_lib_libvtkIOImage_6_1_so_1 : 48.88090951378111
t7050_lib_libvtkFiltersExtraction_6_1_so_1 : 49.78682301983526
t7591_lib_libvtkRenderingCore_6_1_so : 56.347389422422744
t6277_lib_libvtkFiltersGeneral_6_1_so_1 : 60.72382821733426
t7174_lib_libvtkInfovisCore_6_1_so : 60.909049633535524
t7175_lib_libvtkInfovisCore_6_1_so_1 : 71.48123486298297
t4828_lib_libvtkCommonDataModel_6_1_so_1 : 75.73564918375264
t8563_lib_libvtkRenderingFreeType_6_1_so : 76.66330712988741
t8564_lib_libvtkRenderingFreeType_6_1_so_1 : 90.01565544692636
t7592_lib_libvtkRenderingCore_6_1_so_1 : 132.22915158217117

