Commit:a847fb8
Date:Mon Oct 7 15:43:08 2013 -0400
The target Common/Core/vtkIdList.cxx has the following dependencies: 
t4625_lib_libvtkCommonMisc_6_1_so : 0.33162630200244303
t4245_Common_Core_CMakeFiles_vtkCommonCore_dir_vtkIdList_cxx_o : 0.34481061803374913
t4658_lib_libvtkCommonSystem_6_1_so : 0.4002487852036164
t4565_lib_libvtkCommonMath_6_1_so : 0.41805547213938143
t4699_lib_libvtkCommonTransforms_6_1_so : 0.5326367117208397
t5580_lib_libvtkCommonExecutionModel_6_1_so : 1.7795032476787016
t3990_lib_libvtkCommonCore_6_1_so : 1.8308096404344498
t6139_lib_libvtkCommonComputationalGeometry_6_1_so : 2.152172766568921
t6818_lib_libvtkImagingFourier_6_1_so : 2.90446186167806
t6643_lib_libvtkImagingCore_6_1_so : 3.223736371087087
t4776_lib_libvtkCommonDataModel_6_1_so : 3.6993659930825222
t4626_lib_libvtkCommonMisc_6_1_so_1 : 4.059882044760491
t6916_lib_libvtkFiltersStatistics_6_1_so : 4.798223313710754
t5826_lib_libvtkFiltersCore_6_1_so : 5.060866868825812
t4659_lib_libvtkCommonSystem_6_1_so_1 : 5.59379637513966
t8626_lib_libvtkIOCore_6_1_so : 5.71211343123355
t4566_lib_libvtkCommonMath_6_1_so_1 : 6.622546958737658
t5558_lib_libvtkCommonColor_6_1_so : 6.756545497661477
t5559_lib_libvtkCommonColor_6_1_so_1 : 7.772406467837032
t4700_lib_libvtkCommonTransforms_6_1_so_1 : 8.553055909054063
t7293_lib_libvtkFiltersGeometry_6_1_so : 10.002895391218553
t6224_lib_libvtkFiltersGeneral_6_1_so : 10.457308491888986
t6140_lib_libvtkCommonComputationalGeometry_6_1_so_1 : 14.132984234604148
t6989_lib_libvtkFiltersExtraction_6_1_so : 14.16749466174132
t6819_lib_libvtkImagingFourier_6_1_so_1 : 16.202716833400356
t7390_lib_libvtkFiltersSources_6_1_so : 16.937822459140097
t8627_lib_libvtkIOCore_6_1_so_1 : 19.63098858082429
t9226_lib_libvtkIOImage_6_1_so : 20.845541230838602
t6917_lib_libvtkFiltersStatistics_6_1_so_1 : 21.873992064521197
t7294_lib_libvtkFiltersGeometry_6_1_so_1 : 23.18328327345542
t6644_lib_libvtkImagingCore_6_1_so_1 : 25.313123056011307
t5581_lib_libvtkCommonExecutionModel_6_1_so_1 : 28.755939664918266
t9361_lib_libvtkImagingHybrid_6_1_so : 36.72922943888694
t7391_lib_libvtkFiltersSources_6_1_so_1 : 39.500758727388465
t5827_lib_libvtkFiltersCore_6_1_so_1 : 40.44243303738904
t9362_lib_libvtkImagingHybrid_6_1_so_1 : 43.034387575161105
t3991_lib_libvtkCommonCore_6_1_so_1 : 45.48073144704983
t9227_lib_libvtkIOImage_6_1_so_1 : 48.69539113138495
t6990_lib_libvtkFiltersExtraction_6_1_so_1 : 49.473510570851715
t7531_lib_libvtkRenderingCore_6_1_so : 56.07049603254392
t7114_lib_libvtkInfovisCore_6_1_so : 60.530676223852595
t6225_lib_libvtkFiltersGeneral_6_1_so_1 : 60.63122642287639
t7115_lib_libvtkInfovisCore_6_1_so_1 : 71.0360896751207
t4777_lib_libvtkCommonDataModel_6_1_so_1 : 75.16304455939459
t8503_lib_libvtkRenderingFreeType_6_1_so : 76.4177290227594
t8504_lib_libvtkRenderingFreeType_6_1_so_1 : 89.72674002677576
t7532_lib_libvtkRenderingCore_6_1_so_1 : 131.57763772363276

