Commit:a86227d
Date:Tue Sep 10 11:43:53 2013 -0400
The target Rendering/Core/vtkRenderer.cxx has the following dependencies: 
t8716_Rendering_Core_CMakeFiles_vtkRenderingCore_dir_vtkRenderer_cxx_o : 0.8488679599724759
t8360_lib_libvtkRenderingCore_6_1_so : 55.43181762047701
t8361_lib_libvtkRenderingCore_6_1_so_1 : 130.07486498935768
t9307_lib_libvtkRenderingFreeType_6_1_so : 130.314172369704
t9308_lib_libvtkRenderingFreeType_6_1_so_1 : 153.1343204349459

