Commit:aadae2e
Date:Mon Oct 21 10:52:59 2013 -0400
The target Common/DataModel/vtkPolyData.cxx has the following dependencies: 
t5340_Common_DataModel_CMakeFiles_vtkCommonDataModel_dir_vtkPolyData_cxx_o : 0.5353467151858197
t5592_lib_libvtkCommonExecutionModel_6_1_so : 1.6334948420403084
t6131_lib_libvtkCommonComputationalGeometry_6_1_so : 2.154290559687161
t6810_lib_libvtkImagingFourier_6_1_so : 2.879824439779028
t6635_lib_libvtkImagingCore_6_1_so : 3.2082882836238227
t4788_lib_libvtkCommonDataModel_6_1_so : 3.700601545590716
t6908_lib_libvtkFiltersStatistics_6_1_so : 4.762646171709103
t5818_lib_libvtkFiltersCore_6_1_so : 5.055678246947711
t8618_lib_libvtkIOCore_6_1_so : 5.676003280024676
t5570_lib_libvtkCommonColor_6_1_so : 6.7691288819175
t5571_lib_libvtkCommonColor_6_1_so_1 : 7.787210449314705
t7285_lib_libvtkFiltersGeometry_6_1_so : 9.964763127092938
t6216_lib_libvtkFiltersGeneral_6_1_so : 10.436701325387183
t6981_lib_libvtkFiltersExtraction_6_1_so : 14.102918729475153
t6132_lib_libvtkCommonComputationalGeometry_6_1_so_1 : 14.14793336249761
t6811_lib_libvtkImagingFourier_6_1_so_1 : 16.057790822229578
t7382_lib_libvtkFiltersSources_6_1_so : 16.873614361283078
t8619_lib_libvtkIOCore_6_1_so_1 : 19.503540988322385
t9218_lib_libvtkIOImage_6_1_so : 20.777095408691217
t6909_lib_libvtkFiltersStatistics_6_1_so_1 : 21.706570219807542
t7286_lib_libvtkFiltersGeometry_6_1_so_1 : 23.093560299042206
t6636_lib_libvtkImagingCore_6_1_so_1 : 25.185903512196187
t5593_lib_libvtkCommonExecutionModel_6_1_so_1 : 26.179320741887796
t9353_lib_libvtkImagingHybrid_6_1_so : 36.51619070569198
t7383_lib_libvtkFiltersSources_6_1_so_1 : 39.34968085007783
t5819_lib_libvtkFiltersCore_6_1_so_1 : 40.39970321015762
t9354_lib_libvtkImagingHybrid_6_1_so_1 : 42.78375377140234
t9219_lib_libvtkIOImage_6_1_so_1 : 48.53434213809699
t6982_lib_libvtkFiltersExtraction_6_1_so_1 : 49.245595515794655
t7523_lib_libvtkRenderingCore_6_1_so : 55.91314073055811
t7106_lib_libvtkInfovisCore_6_1_so : 60.33647843264715
t6217_lib_libvtkFiltersGeneral_6_1_so_1 : 60.51000779639519
t7107_lib_libvtkInfovisCore_6_1_so_1 : 70.80762168546724
t4789_lib_libvtkCommonDataModel_6_1_so_1 : 75.18920920074459
t8495_lib_libvtkRenderingFreeType_6_1_so : 76.17256693093097
t8496_lib_libvtkRenderingFreeType_6_1_so_1 : 89.43831403638937
t7524_lib_libvtkRenderingCore_6_1_so_1 : 131.20738995425438

