Commit:ade7751
Date:Thu Nov 14 12:29:09 2013 -0500
The target IO/Infovis/Testing/Cxx/TestDelimitedTextReader2.cxx has the following dependencies: 
t19589_IO_Infovis_Testing_Cxx_CMakeFiles_vtkIOInfovisCxxTests_dir_TestDelimitedTextReader2_cxx_o : 0.3807668569155041
t19551_bin_vtkIOInfovisCxxTests : 19.513487529394254


The target IO/Infovis/vtkDelimitedTextReader.cxx has the following dependencies: 
t10603_IO_Infovis_CMakeFiles_vtkIOInfovis_dir_vtkDelimitedTextReader_cxx_o : 0.45202780066394355
t10591_lib_libvtkIOInfovis_7_1_so : 2.1061834075302337
t10592_lib_libvtkIOInfovis_7_1_so_1 : 13.808353464919296
t19551_bin_vtkIOInfovisCxxTests : 19.513487529394254
t20496_bin_vtkInfovisLayoutCxxTests : 20.764672539541433
t20416_bin_vtkInfovisCoreCxxTests : 24.211791898653985
t13380_bin_vtkChartsCoreCxxTests : 53.14463308734408
t21838_bin_vtkViewsInfovisCxxTests : 63.105015063908986


The target IO/Infovis/Testing/Cxx/CMakeLists.txt could not be found.

The target IO/Infovis/vtkDelimitedTextReader.h has the following dependencies: 
t19589_IO_Infovis_Testing_Cxx_CMakeFiles_vtkIOInfovisCxxTests_dir_TestDelimitedTextReader2_cxx_o : 0.3807668569155041
t20421_Infovis_Core_Testing_Cxx_CMakeFiles_vtkInfovisCoreCxxTests_dir_TestStringToNumeric_cxx_o : 0.4003671622446054
t20424_Infovis_Core_Testing_Cxx_CMakeFiles_vtkInfovisCoreCxxTests_dir_TestMergeTables_cxx_o : 0.42273523584636397
t13549_Charts_Core_Testing_Cxx_CMakeFiles_vtkChartsCoreCxxTests_dir_TestScatterPlotMatrixVehicles_cxx_o : 0.4443679575136368
t10603_IO_Infovis_CMakeFiles_vtkIOInfovis_dir_vtkDelimitedTextReader_cxx_o : 0.45202780066394355
t20460_Infovis_Core_Testing_Cxx_CMakeFiles_vtkInfovisCoreCxxTests_dir_TestMergeGraphs_cxx_o : 0.45767643017834775
t10591_lib_libvtkIOInfovis_7_1_so : 2.1061834075302337
t10592_lib_libvtkIOInfovis_7_1_so_1 : 13.808353464919296
t19551_bin_vtkIOInfovisCxxTests : 19.513487529394254
t20496_bin_vtkInfovisLayoutCxxTests : 20.764672539541433
t20416_bin_vtkInfovisCoreCxxTests : 24.211791898653985
t13380_bin_vtkChartsCoreCxxTests : 53.14463308734408
t21838_bin_vtkViewsInfovisCxxTests : 63.105015063908986


