Commit:af78c3e
Date:Tue Oct 8 15:12:50 2013 -0400
The target Common/ExecutionModel/vtkAlgorithm.cxx has the following dependencies: 
t5573_Common_ExecutionModel_CMakeFiles_vtkCommonExecutionModel_dir_vtkAlgorithm_cxx_o : 0.5212337186555253
t5570_lib_libvtkCommonExecutionModel_6_1_so : 1.7770156623065736
t6808_lib_libvtkImagingFourier_6_1_so : 2.898034388163071
t6633_lib_libvtkImagingCore_6_1_so : 3.219552607845621
t6906_lib_libvtkFiltersStatistics_6_1_so : 4.787492296613677
t5816_lib_libvtkFiltersCore_6_1_so : 5.0488692138562055
t8616_lib_libvtkIOCore_6_1_so : 5.70235161533605
t7283_lib_libvtkFiltersGeometry_6_1_so : 9.969132006398164
t6214_lib_libvtkFiltersGeneral_6_1_so : 10.426902723565428
t6979_lib_libvtkFiltersExtraction_6_1_so : 14.12824900192957
t6809_lib_libvtkImagingFourier_6_1_so_1 : 16.164908165665125
t7380_lib_libvtkFiltersSources_6_1_so : 16.896697185160967
t8617_lib_libvtkIOCore_6_1_so_1 : 19.596535112950765
t9216_lib_libvtkIOImage_6_1_so : 20.82611334337628
t6907_lib_libvtkFiltersStatistics_6_1_so_1 : 21.823493160534948
t7284_lib_libvtkFiltersGeometry_6_1_so_1 : 23.1038400150545
t6634_lib_libvtkImagingCore_6_1_so_1 : 25.278668535199234
t5571_lib_libvtkCommonExecutionModel_6_1_so_1 : 28.712041099527767
t9351_lib_libvtkImagingHybrid_6_1_so : 36.66855504283524
t7381_lib_libvtkFiltersSources_6_1_so_1 : 39.403993376849336
t5817_lib_libvtkFiltersCore_6_1_so_1 : 40.34362881999228
t9352_lib_libvtkImagingHybrid_6_1_so_1 : 42.96300593274734
t9217_lib_libvtkIOImage_6_1_so_1 : 48.64967845500302
t6980_lib_libvtkFiltersExtraction_6_1_so_1 : 49.334996477398484
t7521_lib_libvtkRenderingCore_6_1_so : 55.972074946051315
t7104_lib_libvtkInfovisCore_6_1_so : 60.39997900663034
t6215_lib_libvtkFiltersGeneral_6_1_so_1 : 60.45236896214957
t7105_lib_libvtkInfovisCore_6_1_so_1 : 70.88232824309452
t8493_lib_libvtkRenderingFreeType_6_1_so : 76.30468553752776
t8494_lib_libvtkRenderingFreeType_6_1_so_1 : 89.59374769120913
t7522_lib_libvtkRenderingCore_6_1_so_1 : 131.34605869659134

