Commit:b327246
Date:Fri Jun 7 15:51:21 2013 -0600
The target Rendering/Core/vtkCellPicker.cxx has the following dependencies: 
t5020_Rendering_Core_CMakeFiles_vtkRenderingCore_dir_vtkCellPicker_cxx_o : 0.6896338220598429
t4513_lib_libvtkRenderingCore_6_0_so : 57.92171862243204
t4514_lib_libvtkRenderingCore_6_0_so_1 : 135.93345558219303
t5460_lib_libvtkRenderingFreeType_6_0_so : 137.51969684878588
t5461_lib_libvtkRenderingFreeType_6_0_so_1 : 161.61140805739515

