Commit:b95ed8f
Date:Thu Oct 3 12:35:58 2013 -0400
The target Common/DataModel/vtkUnstructuredGridCellIterator.cxx has the following dependencies: 
t5477_Common_DataModel_CMakeFiles_vtkCommonDataModel_dir_vtkUnstructuredGridCellIterator_cxx_o : 0.445144594298144
t5569_lib_libvtkCommonExecutionModel_6_1_so : 1.7784410720315607
t6128_lib_libvtkCommonComputationalGeometry_6_1_so : 2.151151564894599
t6807_lib_libvtkImagingFourier_6_1_so : 2.903006804294291
t6632_lib_libvtkImagingCore_6_1_so : 3.2227338322931223
t4769_lib_libvtkCommonDataModel_6_1_so : 3.6842133422647962
t6905_lib_libvtkFiltersStatistics_6_1_so : 4.795195834347287
t5815_lib_libvtkFiltersCore_6_1_so : 5.052078158769971
t8611_lib_libvtkIOCore_6_1_so : 5.709700254527046
t5547_lib_libvtkCommonColor_6_1_so : 6.75037231372939
t5548_lib_libvtkCommonColor_6_1_so_1 : 7.765143898505164
t7278_lib_libvtkFiltersGeometry_6_1_so : 9.981534345873037
t6213_lib_libvtkFiltersGeneral_6_1_so : 10.43259743596321
t6129_lib_libvtkCommonComputationalGeometry_6_1_so_1 : 14.125775752197171
t6978_lib_libvtkFiltersExtraction_6_1_so : 14.144143677706376
t6808_lib_libvtkImagingFourier_6_1_so_1 : 16.19415767231936
t7375_lib_libvtkFiltersSources_6_1_so : 16.913018753316372
t8612_lib_libvtkIOCore_6_1_so_1 : 19.622471486566045
t9211_lib_libvtkIOImage_6_1_so : 20.840329002176972
t6906_lib_libvtkFiltersStatistics_6_1_so_1 : 21.859745102810763
t7279_lib_libvtkFiltersGeometry_6_1_so_1 : 23.133021990289496
t6633_lib_libvtkImagingCore_6_1_so_1 : 25.304866854178655
t5570_lib_libvtkCommonExecutionModel_6_1_so_1 : 28.737195388792248
t9346_lib_libvtkImagingHybrid_6_1_so : 36.71166173212698
t7376_lib_libvtkFiltersSources_6_1_so_1 : 39.44239706662676
t5816_lib_libvtkFiltersCore_6_1_so_1 : 40.370055425164466
t9347_lib_libvtkImagingHybrid_6_1_so_1 : 43.01371968485527
t9212_lib_libvtkIOImage_6_1_so_1 : 48.683127063945825
t6979_lib_libvtkFiltersExtraction_6_1_so_1 : 49.39109533308133
t7516_lib_libvtkRenderingCore_6_1_so : 56.01519273194201
t7103_lib_libvtkInfovisCore_6_1_so : 60.1115344656195
t6214_lib_libvtkFiltersGeneral_6_1_so_1 : 60.48586727037182
t7104_lib_libvtkInfovisCore_6_1_so_1 : 70.54298172425824
t4770_lib_libvtkCommonDataModel_6_1_so_1 : 74.84216489501921
t8488_lib_libvtkRenderingFreeType_6_1_so : 76.36350055865385
t8489_lib_libvtkRenderingFreeType_6_1_so_1 : 89.6629418337104
t7517_lib_libvtkRenderingCore_6_1_so_1 : 131.4475123104518

