Commit:ce7151b
Date:Wed Jul 10 09:36:54 2013 -0400
The target Charts/Core/vtkPlotLine3D.cxx has the following dependencies: 
t9750_Charts_Core_CMakeFiles_vtkChartsCore_dir_vtkPlotLine3D_cxx_o : 0.4714686754897583
t9604_lib_libvtkChartsCore_7_1_so : 4.86710284650653
t21717_lib_libvtkViewsInfovis_7_1_so : 16.967541357495474
t9605_lib_libvtkChartsCore_7_1_so_1 : 22.198131042383668
t21718_lib_libvtkViewsInfovis_7_1_so_1 : 39.57068554704818
t13380_bin_vtkChartsCoreCxxTests : 53.14463308734408
t21838_bin_vtkViewsInfovisCxxTests : 63.105015063908986


