Commit:d086e75
Date:Mon Jun 24 17:32:33 2013 -0400
The target Rendering/Core/vtkImageActor.cxx has the following dependencies: 
t8510_Rendering_Core_CMakeFiles_vtkRenderingCore_dir_vtkImageActor_cxx_o : 0.5161149546783954
t8302_lib_libvtkRenderingCore_6_1_so : 57.92232312556419
t8303_lib_libvtkRenderingCore_6_1_so_1 : 135.934877942504
t9249_lib_libvtkRenderingFreeType_6_1_so : 137.52141968271255
t9250_lib_libvtkRenderingFreeType_6_1_so_1 : 161.6134349208383

