Commit:df90d84
Date:Tue Jun 25 14:29:46 2013 -0400
The target Common/DataModel/vtkImplicitBoolean.cxx has the following dependencies: 
t5029_Common_DataModel_CMakeFiles_vtkCommonDataModel_dir_vtkImplicitBoolean_cxx_o : 0.5169470351284727
t5446_lib_libvtkCommonExecutionModel_6_1_so : 1.6597649481894439
t6005_lib_libvtkCommonComputationalGeometry_6_1_so : 1.8301902874540787
t6684_lib_libvtkImagingFourier_6_1_so : 2.22216959820585
t7478_lib_libvtkIOCore_6_1_so : 2.734968107806028
t6509_lib_libvtkImagingCore_6_1_so : 2.7949548932146655
t4666_lib_libvtkCommonDataModel_6_1_so : 3.3663298691060777
t6782_lib_libvtkFiltersStatistics_6_1_so : 3.5836431499609485
t8250_lib_libvtkIOXMLParser_6_1_so : 3.9288373795651412
t5692_lib_libvtkFiltersCore_6_1_so : 4.387045867992361
t7155_lib_libvtkFiltersGeometry_6_1_so : 6.397256917222226
t5424_lib_libvtkCommonColor_6_1_so : 6.507190570609072
t8079_lib_libvtkIOImage_6_1_so : 7.002516957296589
t5425_lib_libvtkCommonColor_6_1_so_1 : 7.479047730128319
t6090_lib_libvtkFiltersGeneral_6_1_so : 8.515544732330993
t6855_lib_libvtkFiltersExtraction_6_1_so : 9.409399784045405
t7252_lib_libvtkFiltersSources_6_1_so : 10.382676614968577
t8251_lib_libvtkIOXMLParser_6_1_so_1 : 13.337073104347558
t6006_lib_libvtkCommonComputationalGeometry_6_1_so_1 : 13.836861190798297
t6685_lib_libvtkImagingFourier_6_1_so_1 : 14.627079516747175
t7479_lib_libvtkIOCore_6_1_so_1 : 18.2468337021602
t6783_lib_libvtkFiltersStatistics_6_1_so_1 : 20.19790088212323
t7156_lib_libvtkFiltersGeometry_6_1_so_1 : 22.049142060784327
t6510_lib_libvtkImagingCore_6_1_so_1 : 24.893693112608617
t5447_lib_libvtkCommonExecutionModel_6_1_so_1 : 28.419104907095416
t9343_lib_libvtkImagingHybrid_6_1_so : 28.740396319341194
t8080_lib_libvtkIOImage_6_1_so_1 : 32.24713862257218
t9344_lib_libvtkImagingHybrid_6_1_so_1 : 33.635760375695526
t7253_lib_libvtkFiltersSources_6_1_so_1 : 36.11532922930086
t5693_lib_libvtkFiltersCore_6_1_so_1 : 39.87807875757516
t6856_lib_libvtkFiltersExtraction_6_1_so_1 : 43.573646042566615
t6980_lib_libvtkInfovisCore_6_1_so : 51.15311928711384
t8302_lib_libvtkRenderingCore_6_1_so : 57.922323125564226
t6091_lib_libvtkFiltersGeneral_6_1_so_1 : 59.05090399292465
t6981_lib_libvtkInfovisCore_6_1_so_1 : 60.00366974954569
t4667_lib_libvtkCommonDataModel_6_1_so_1 : 71.8944323682535
t8303_lib_libvtkRenderingCore_6_1_so_1 : 135.93487794250407
t9249_lib_libvtkRenderingFreeType_6_1_so : 137.52141968271252
t9250_lib_libvtkRenderingFreeType_6_1_so_1 : 161.61343492083824

