Commit:e446b3a
Date:Mon Jul 22 18:49:11 2013 -0400
The target Filters/Core/vtkTubeFilter.cxx has the following dependencies: 
t5937_Filters_Core_CMakeFiles_vtkFiltersCore_dir_vtkTubeFilter_cxx_o : 0.5104484418091538
t5692_lib_libvtkFiltersCore_6_1_so : 4.386970182808133
t7155_lib_libvtkFiltersGeometry_6_1_so : 6.397164586746226
t6090_lib_libvtkFiltersGeneral_6_1_so : 8.515398195201069
t6855_lib_libvtkFiltersExtraction_6_1_so : 9.40921192153923
t7252_lib_libvtkFiltersSources_6_1_so : 10.38252468722858
t7156_lib_libvtkFiltersGeometry_6_1_so_1 : 22.04881618851609
t7253_lib_libvtkFiltersSources_6_1_so_1 : 36.11479301374793
t5693_lib_libvtkFiltersCore_6_1_so_1 : 39.87736642642948
t6856_lib_libvtkFiltersExtraction_6_1_so_1 : 43.572761983714024
t6980_lib_libvtkInfovisCore_6_1_so : 51.151827827304786
t8302_lib_libvtkRenderingCore_6_1_so : 57.918828751235765
t6091_lib_libvtkFiltersGeneral_6_1_so_1 : 59.049869613184015
t6981_lib_libvtkInfovisCore_6_1_so_1 : 60.00215038506445
t8303_lib_libvtkRenderingCore_6_1_so_1 : 135.92665588526063
t9249_lib_libvtkRenderingFreeType_6_1_so : 137.51716977359197
t9250_lib_libvtkRenderingFreeType_6_1_so_1 : 161.60843502775526

