Commit:f3ef179
Date:Fri Dec 20 15:32:28 2013 -0500
The target Filters/FlowPaths/vtkParticleTracerBase.h has the following dependencies: 
t16006_Filters_FlowPaths_CMakeFiles_vtkFiltersFlowPaths_dir_vtkParticleTracer_cxx_o : 0.4469795215040859
t16010_Filters_FlowPaths_CMakeFiles_vtkFiltersFlowPaths_dir_vtkStreaklineFilter_cxx_o : 0.44795686837705145
t16014_Filters_FlowPaths_CMakeFiles_vtkFiltersFlowPaths_dir_vtkParticlePathFilter_cxx_o : 0.44802399026482537
t16002_Filters_FlowPaths_CMakeFiles_vtkFiltersFlowPaths_dir_vtkParticleTracerBase_cxx_o : 0.5574241300009691
t16092_Filters_FlowPaths_Testing_Cxx_CMakeFiles_vtkFiltersFlowPathsCxxTests_dir_TestParticleTracers_cxx_o : 0.5992065638461554
t15965_lib_libvtkFiltersFlowPaths_7_1_so : 2.2623022621992885
t15966_lib_libvtkFiltersFlowPaths_7_1_so_1 : 9.94024593976136
t16075_bin_vtkFiltersFlowPathsCxxTests : 12.68226202549646
t16227_bin_vtkFiltersGeneralCxxTests : 27.164241235885854
t20546_bin_vtkInteractionWidgetsCxxTests : 85.60728281870834


The target Filters/FlowPaths/vtkParticleTracerBase.cxx has the following dependencies: 
t16002_Filters_FlowPaths_CMakeFiles_vtkFiltersFlowPaths_dir_vtkParticleTracerBase_cxx_o : 0.5574241300009691
t15965_lib_libvtkFiltersFlowPaths_7_1_so : 2.2623022621992885
t15966_lib_libvtkFiltersFlowPaths_7_1_so_1 : 9.94024593976136
t16075_bin_vtkFiltersFlowPathsCxxTests : 12.68226202549646
t16227_bin_vtkFiltersGeneralCxxTests : 27.164241235885854
t20546_bin_vtkInteractionWidgetsCxxTests : 85.60728281870834


