Commit:f487550
Date:Wed Jul 17 14:07:32 2013 -0400
The target Interaction/Style/vtkInteractorStyleImage.cxx has the following dependencies: 
t12352_lib_libvtkInteractionStyle_7_1_so : 0.33632431654574996
t12364_Interaction_Style_CMakeFiles_vtkInteractionStyle_dir_vtkInteractorStyleImage_cxx_o : 0.3726961209979793
t13322_lib_libvtkViewsCore_7_1_so : 1.6068503190146712
t19419_lib_libvtkInteractionImage_7_1_so : 2.4623582858223925
t13359_lib_libvtkViewsContext2D_7_1_so : 2.615350574489945
t12757_lib_libvtkInteractionWidgets_7_1_so : 3.7648527683808153
t17048_bin_vtkFiltersProgrammableCxxTests : 6.9887753565085085
t13579_bin_vtkCommonColorCxxTests : 7.377028519071603
t21391_bin_vtkRenderingLODCxxTests : 7.608597419295298
t20326_bin_vtkImagingHybridCxxTests : 7.906699832213639
t19887_bin_vtkIOPLYCxxTests : 8.115610384233193
t19639_bin_vtkIOLegacyCxxTests : 8.360283439968532
t15939_bin_vtkFiltersExtractionCxxTests : 8.585912432709662
t21312_bin_vtkRenderingGL2PSOpenGL2CxxTests : 9.625886881785727
t19528_bin_vtkIOImportCxxTests : 9.741394000884348
t16700_bin_vtkFiltersModelingCxxTests : 9.850356005824274
t12353_lib_libvtkInteractionStyle_7_1_so_1 : 10.741048836166762
t17164_bin_vtkFiltersSelectionCxxTests : 11.435492696539221
t16396_bin_vtkFiltersGeometryCxxTests : 11.804325789693559
t14591_bin_vtkDomainsChemistryOpenGL2CxxTests : 11.982756655317285
t21408_bin_vtkRenderingLabelCxxTests : 12.017650916151142
t16487_bin_vtkFiltersHybridCxxTests : 12.264692225132874
t21332_bin_vtkRenderingImageCxxTests : 12.387288854669107
t16075_bin_vtkFiltersFlowPathsCxxTests : 12.68226202549646
t17006_bin_vtkFiltersPointsCxxTests : 13.361729433156885
t19420_lib_libvtkInteractionImage_7_1_so_1 : 13.602107563661132
t13323_lib_libvtkViewsCore_7_1_so_1 : 13.711532414255728
t13360_lib_libvtkViewsContext2D_7_1_so_1 : 14.50206220288203
t21717_lib_libvtkViewsInfovis_7_1_so : 16.967541357495474
t14520_bin_vtkDomainsChemistryCxxTests : 17.683251680517134
t16352_bin_vtkFiltersGenericCxxTests : 18.01141061677244
t21443_bin_vtkRenderingOpenGL2CxxTests : 18.561763356281627
t20139_bin_vtkIOXMLCxxTests : 18.989885028091237
t20399_bin_vtkImagingMorphologicalCxxTests : 19.446071043876152
t21009_bin_vtkRenderingContext2DCxxTests : 20.32305270255654
t20496_bin_vtkInfovisLayoutCxxTests : 20.764672539541433
t19354_bin_vtkIOGeometryCxxTests : 20.77067865338692
t16593_bin_vtkFiltersHyperTreeCxxTests : 22.399413283425453
t19448_bin_vtkIOImageCxxTests : 23.34463024195602
t21262_bin_vtkRenderingFreeTypeCxxTests : 23.867074663143367
t15799_bin_vtkFiltersCoreCxxTests : 23.9656006662825
t20416_bin_vtkInfovisCoreCxxTests : 24.211791898653985
t16227_bin_vtkFiltersGeneralCxxTests : 27.164241235885854
t20252_bin_vtkImagingCoreCxxTests : 28.065678565444262
t19219_bin_vtkIOExodusCxxTests : 28.862128055378346
t21535_bin_vtkRenderingVolumeCxxTests : 31.032006083153338
t14054_bin_vtkCommonDataModelCxxTests : 35.23348266529922
t18012_bin_vtkFiltersSourcesCxxTests : 37.75959977410841
t21718_lib_libvtkViewsInfovis_7_1_so_1 : 39.57068554704818
t18956_lib_libvtkGeovisCore_7_1_so : 42.62536111911358
t20883_bin_vtkRenderingAnnotationCxxTests : 44.04195950672797
t18957_lib_libvtkGeovisCore_7_1_so_1 : 49.97101308131009
t13380_bin_vtkChartsCoreCxxTests : 53.14463308734408
t21026_bin_vtkRenderingCoreCxxTests : 55.98790500687413
t12758_lib_libvtkInteractionWidgets_7_1_so_1 : 59.53875147921343
t21838_bin_vtkViewsInfovisCxxTests : 63.105015063908986
t20546_bin_vtkInteractionWidgetsCxxTests : 85.60728281870834


