Commit:f562dfe
Date:Tue Jun 4 15:56:29 2013 -0400
The target Charts/Core/vtkPlotLine.cxx has the following dependencies: 
t9747_Charts_Core_CMakeFiles_vtkChartsCore_dir_vtkPlotLine_cxx_o : 0.4129199242820519
t9604_lib_libvtkChartsCore_7_1_so : 4.86710284650653
t21717_lib_libvtkViewsInfovis_7_1_so : 16.967541357495474
t9605_lib_libvtkChartsCore_7_1_so_1 : 22.198131042383668
t21718_lib_libvtkViewsInfovis_7_1_so_1 : 39.57068554704818
t13380_bin_vtkChartsCoreCxxTests : 53.14463308734408
t21838_bin_vtkViewsInfovisCxxTests : 63.105015063908986


The target Charts/Core/vtkPlotPoints.cxx has the following dependencies: 
t9761_Charts_Core_CMakeFiles_vtkChartsCore_dir_vtkPlotPoints_cxx_o : 0.4007279831614547
t9604_lib_libvtkChartsCore_7_1_so : 4.86710284650653
t21717_lib_libvtkViewsInfovis_7_1_so : 16.967541357495474
t9605_lib_libvtkChartsCore_7_1_so_1 : 22.198131042383668
t21718_lib_libvtkViewsInfovis_7_1_so_1 : 39.57068554704818
t13380_bin_vtkChartsCoreCxxTests : 53.14463308734408
t21838_bin_vtkViewsInfovisCxxTests : 63.105015063908986


The target Charts/Core/vtkPlotPoints.h has the following dependencies: 
t13543_Charts_Core_Testing_Cxx_CMakeFiles_vtkChartsCoreCxxTests_dir_TestScatterPlot_cxx_o : 0.3909891554431831
t13486_Charts_Core_Testing_Cxx_CMakeFiles_vtkChartsCoreCxxTests_dir_TestLegendHiddenPlots_cxx_o : 0.3932294655207025
t9761_Charts_Core_CMakeFiles_vtkChartsCore_dir_vtkPlotPoints_cxx_o : 0.4007279831614547
t13437_Charts_Core_Testing_Cxx_CMakeFiles_vtkChartsCoreCxxTests_dir_TestChartsOn3D_cxx_o : 0.40092546776786614
t9747_Charts_Core_CMakeFiles_vtkChartsCore_dir_vtkPlotLine_cxx_o : 0.4129199242820519
t13401_Charts_Core_Testing_Cxx_CMakeFiles_vtkChartsCoreCxxTests_dir_TestBagPlot_cxx_o : 0.4314154818842772
t13425_Charts_Core_Testing_Cxx_CMakeFiles_vtkChartsCoreCxxTests_dir_TestChartDoubleColors_cxx_o : 0.45368202198096036
t9729_Charts_Core_CMakeFiles_vtkChartsCore_dir_vtkPlotBag_cxx_o : 0.4694261794974445
t9738_Charts_Core_CMakeFiles_vtkChartsCore_dir_vtkPlotFunctionalBag_cxx_o : 0.47276274970873694
t9777_Charts_Core_CMakeFiles_vtkChartsCore_dir_vtkScatterPlotMatrix_cxx_o : 0.5431267589034309
t9657_Charts_Core_CMakeFiles_vtkChartsCore_dir_vtkChartXY_cxx_o : 0.9496547400512677
t9604_lib_libvtkChartsCore_7_1_so : 4.86710284650653
t21717_lib_libvtkViewsInfovis_7_1_so : 16.967541357495474
t9605_lib_libvtkChartsCore_7_1_so_1 : 22.198131042383668
t21718_lib_libvtkViewsInfovis_7_1_so_1 : 39.57068554704818
t13380_bin_vtkChartsCoreCxxTests : 53.14463308734408
t21838_bin_vtkViewsInfovisCxxTests : 63.105015063908986


