Commit:f694dbf
Date:Thu Sep 12 13:25:44 2013 -0400
The target Rendering/Core/vtkPainterPolyDataMapper.cxx has the following dependencies: 
t8658_Rendering_Core_CMakeFiles_vtkRenderingCore_dir_vtkPainterPolyDataMapper_cxx_o : 0.778751632826203
t8360_lib_libvtkRenderingCore_6_1_so : 55.43181762047705
t8361_lib_libvtkRenderingCore_6_1_so_1 : 130.07486498935776
t9307_lib_libvtkRenderingFreeType_6_1_so : 130.314172369704
t9308_lib_libvtkRenderingFreeType_6_1_so_1 : 153.1343204349459

