Commit:f6c0f71
Date:Fri Dec 20 15:22:02 2013 -0500
The target IO/Geometry/vtkMFIXReader.cxx has the following dependencies: 
t10027_lib_libvtkIOGeometry_7_1_so : 0.3803639658380698
t10080_IO_Geometry_CMakeFiles_vtkIOGeometry_dir_vtkMFIXReader_cxx_o : 0.5073702362419426
t10207_lib_libvtkIOXML_7_1_so : 0.5811904916617741
t19862_lib_libvtkIOPLY_7_1_so : 0.941330720836858
t10591_lib_libvtkIOInfovis_7_1_so : 2.1061834075302337
t14406_lib_libvtkDomainsChemistry_7_1_so : 2.154854913488205
t14487_lib_libvtkDomainsChemistryOpenGL2_7_1_so : 2.220039601119321
t20184_bin_TestXMLCInterface : 2.504771041173698
t19863_lib_libvtkIOPLY_7_1_so_1 : 2.792931955894793
t19910_lib_libvtkIOParallelXML_7_1_so : 3.5798870058270382
t19601_lib_libvtkIOLSDyna_7_1_so : 4.347511272252989
t17958_lib_libvtkIOParallel_7_1_so : 4.763479250998257
t19602_lib_libvtkIOLSDyna_7_1_so_1 : 4.938248555591751
t14488_lib_libvtkDomainsChemistryOpenGL2_7_1_so_1 : 7.306022121597603
t19911_lib_libvtkIOParallelXML_7_1_so_1 : 8.070322366651855
t19887_bin_vtkIOPLYCxxTests : 8.115610384233193
t17110_bin_vtkFiltersSMPCxxTests : 8.225228259585045
t15939_bin_vtkFiltersExtractionCxxTests : 8.585912432709662
t19162_lib_libvtkIOExodus_7_1_so : 8.725267832126258
t14407_lib_libvtkDomainsChemistry_7_1_so_1 : 9.434611357591553
t16700_bin_vtkFiltersModelingCxxTests : 9.850356005824274
t17164_bin_vtkFiltersSelectionCxxTests : 11.435492696539221
t10028_lib_libvtkIOGeometry_7_1_so_1 : 11.653706507102354
t16396_bin_vtkFiltersGeometryCxxTests : 11.804325789693559
t14591_bin_vtkDomainsChemistryOpenGL2CxxTests : 11.982756655317285
t21408_bin_vtkRenderingLabelCxxTests : 12.017650916151142
t16487_bin_vtkFiltersHybridCxxTests : 12.264692225132874
t19662_lib_libvtkIOMINC_7_1_so : 12.416586347804067
t17006_bin_vtkFiltersPointsCxxTests : 13.361729433156885
t10592_lib_libvtkIOInfovis_7_1_so_1 : 13.808353464919296
t19078_bin_vtkIOAMRCxxTests : 13.96032029589155
t19663_lib_libvtkIOMINC_7_1_so_1 : 14.431278056240078
t14520_bin_vtkDomainsChemistryCxxTests : 17.683251680517134
t16352_bin_vtkFiltersGenericCxxTests : 18.01141061677244
t21443_bin_vtkRenderingOpenGL2CxxTests : 18.561763356281627
t10208_lib_libvtkIOXML_7_1_so_1 : 18.769468460571343
t20139_bin_vtkIOXMLCxxTests : 18.989885028091237
t19551_bin_vtkIOInfovisCxxTests : 19.513487529394254
t19163_lib_libvtkIOExodus_7_1_so_1 : 20.17710078147355
t20496_bin_vtkInfovisLayoutCxxTests : 20.764672539541433
t19354_bin_vtkIOGeometryCxxTests : 20.77067865338692
t16593_bin_vtkFiltersHyperTreeCxxTests : 22.399413283425453
t15799_bin_vtkFiltersCoreCxxTests : 23.9656006662825
t20416_bin_vtkInfovisCoreCxxTests : 24.211791898653985
t17959_lib_libvtkIOParallel_7_1_so_1 : 27.138113241166216
t16227_bin_vtkFiltersGeneralCxxTests : 27.164241235885854
t19219_bin_vtkIOExodusCxxTests : 28.862128055378346
t21535_bin_vtkRenderingVolumeCxxTests : 31.032006083153338
t14054_bin_vtkCommonDataModelCxxTests : 35.23348266529922
t18012_bin_vtkFiltersSourcesCxxTests : 37.75959977410841
t18956_lib_libvtkGeovisCore_7_1_so : 42.62536111911358
t20883_bin_vtkRenderingAnnotationCxxTests : 44.04195950672797
t18957_lib_libvtkGeovisCore_7_1_so_1 : 49.97101308131009
t13380_bin_vtkChartsCoreCxxTests : 53.14463308734408
t21026_bin_vtkRenderingCoreCxxTests : 55.98790500687413
t21838_bin_vtkViewsInfovisCxxTests : 63.105015063908986
t20546_bin_vtkInteractionWidgetsCxxTests : 85.60728281870834


