Commit:fab68b5
Date:Mon Jul 22 09:35:49 2013 -0400
The target Filters/General/vtkWarpVector.cxx has the following dependencies: 
t6565_Filters_General_CMakeFiles_vtkFiltersGeneral_dir_vtkWarpVector_cxx_o : 0.6235094586782451
t6220_lib_libvtkFiltersGeneral_6_1_so : 10.459995376257778
t6985_lib_libvtkFiltersExtraction_6_1_so : 14.175128601093085
t7382_lib_libvtkFiltersSources_6_1_so : 16.94531331573007
t7383_lib_libvtkFiltersSources_6_1_so_1 : 39.51838427230605
t6986_lib_libvtkFiltersExtraction_6_1_so_1 : 49.500453886210884
t7523_lib_libvtkRenderingCore_6_1_so : 56.0922453279341
t7110_lib_libvtkInfovisCore_6_1_so : 60.210443862573705
t6221_lib_libvtkFiltersGeneral_6_1_so_1 : 60.647031625045756
t7111_lib_libvtkInfovisCore_6_1_so_1 : 70.65934572067495
t8495_lib_libvtkRenderingFreeType_6_1_so : 76.44632781446137
t8496_lib_libvtkRenderingFreeType_6_1_so_1 : 89.7603856640722
t7524_lib_libvtkRenderingCore_6_1_so_1 : 131.62881253631554

