Commit:fe57982
Date:Fri Jul 19 14:09:33 2013 -0400
The target Rendering/FreeType/vtkMathTextUtilities.h has the following dependencies: 
t9441_Rendering_FreeType_CMakeFiles_vtkRenderingFreeType_dir_vtkMathTextUtilities_cxx_o : 0.3907777751988986
t9549_Rendering_Context2D_CMakeFiles_vtkRenderingContext2D_dir_vtkContextDevice2D_cxx_o : 0.39834721989995703
t9422_lib_libvtkRenderingFreeType_7_1_so : 0.4204466160978886
t9436_Rendering_FreeType_CMakeFiles_vtkRenderingFreeType_dir_vtkMathTextFreeTypeTextRenderer_cxx_o : 0.5029157423952627
t12574_Rendering_Annotation_CMakeFiles_vtkRenderingAnnotation_dir_vtkScalarBarActor_cxx_o : 0.5395313189845876
t12494_lib_libvtkRenderingAnnotation_7_1_so : 0.697717665802791
t11174_Rendering_ContextOpenGL2_CMakeFiles_vtkRenderingContextOpenGL2_dir_vtkOpenGLContextDevice2D_cxx_o : 0.962849832647169
t9505_lib_libvtkRenderingContext2D_7_1_so : 0.9948568315244968
t11160_lib_libvtkRenderingContextOpenGL2_7_1_so : 1.2863727539538554
t16149_lib_libvtkRenderingLabel_7_1_so : 1.4520620825697637
t19258_lib_libvtkRenderingGL2PSOpenGL2_7_1_so : 1.6039938977716726
t13322_lib_libvtkViewsCore_7_1_so : 1.6068503190146712
t19419_lib_libvtkInteractionImage_7_1_so : 2.4623582858223925
t13359_lib_libvtkViewsContext2D_7_1_so : 2.615350574489945
t12757_lib_libvtkInteractionWidgets_7_1_so : 3.7648527683808153
t9604_lib_libvtkChartsCore_7_1_so : 4.86710284650653
t19259_lib_libvtkRenderingGL2PSOpenGL2_7_1_so_1 : 5.131743168605904
t11161_lib_libvtkRenderingContextOpenGL2_7_1_so_1 : 8.02145473379192
t9423_lib_libvtkRenderingFreeType_7_1_so_1 : 9.545174685807831
t21312_bin_vtkRenderingGL2PSOpenGL2CxxTests : 9.625886881785727
t9506_lib_libvtkRenderingContext2D_7_1_so_1 : 9.939492135582315
t19280_lib_libvtkIOExport_7_1_so : 10.220882819491365
t16150_lib_libvtkRenderingLabel_7_1_so_1 : 10.722864209398054
t17164_bin_vtkFiltersSelectionCxxTests : 11.435492696539221
t19281_lib_libvtkIOExport_7_1_so_1 : 11.848097434695724
t21408_bin_vtkRenderingLabelCxxTests : 12.017650916151142
t12495_lib_libvtkRenderingAnnotation_7_1_so_1 : 12.887474489477437
t19420_lib_libvtkInteractionImage_7_1_so_1 : 13.602107563661132
t13323_lib_libvtkViewsCore_7_1_so_1 : 13.711532414255728
t13360_lib_libvtkViewsContext2D_7_1_so_1 : 14.50206220288203
t21717_lib_libvtkViewsInfovis_7_1_so : 16.967541357495474
t16352_bin_vtkFiltersGenericCxxTests : 18.01141061677244
t20399_bin_vtkImagingMorphologicalCxxTests : 19.446071043876152
t21009_bin_vtkRenderingContext2DCxxTests : 20.32305270255654
t20496_bin_vtkInfovisLayoutCxxTests : 20.764672539541433
t9605_lib_libvtkChartsCore_7_1_so_1 : 22.198131042383668
t16593_bin_vtkFiltersHyperTreeCxxTests : 22.399413283425453
t19448_bin_vtkIOImageCxxTests : 23.34463024195602
t21262_bin_vtkRenderingFreeTypeCxxTests : 23.867074663143367
t16227_bin_vtkFiltersGeneralCxxTests : 27.164241235885854
t20252_bin_vtkImagingCoreCxxTests : 28.065678565444262
t21535_bin_vtkRenderingVolumeCxxTests : 31.032006083153338
t21718_lib_libvtkViewsInfovis_7_1_so_1 : 39.57068554704818
t18956_lib_libvtkGeovisCore_7_1_so : 42.62536111911358
t20883_bin_vtkRenderingAnnotationCxxTests : 44.04195950672797
t18957_lib_libvtkGeovisCore_7_1_so_1 : 49.97101308131009
t13380_bin_vtkChartsCoreCxxTests : 53.14463308734408
t21026_bin_vtkRenderingCoreCxxTests : 55.98790500687413
t12758_lib_libvtkInteractionWidgets_7_1_so_1 : 59.53875147921343
t21838_bin_vtkViewsInfovisCxxTests : 63.105015063908986
t20546_bin_vtkInteractionWidgetsCxxTests : 85.60728281870834


