Commit:fe9bf22
Date:Fri Oct 25 15:42:01 2013 -0400
The target Charts/Core/vtkCategoryLegend.cxx has the following dependencies: 
t9617_Charts_Core_CMakeFiles_vtkChartsCore_dir_vtkCategoryLegend_cxx_o : 0.41435975131232294
t9604_lib_libvtkChartsCore_7_1_so : 4.86710284650653
t21717_lib_libvtkViewsInfovis_7_1_so : 16.967541357495474
t9605_lib_libvtkChartsCore_7_1_so_1 : 22.198131042383668
t21718_lib_libvtkViewsInfovis_7_1_so_1 : 39.57068554704818
t13380_bin_vtkChartsCoreCxxTests : 53.14463308734408
t21838_bin_vtkViewsInfovisCxxTests : 63.105015063908986


