Commit:ff9f9c0
Date:Thu Oct 17 15:50:55 2013 -0400
The target Common/ExecutionModel/vtkCompositeDataPipeline.cxx has the following dependencies: 
t5617_Common_ExecutionModel_CMakeFiles_vtkCommonExecutionModel_dir_vtkCompositeDataPipeline_cxx_o : 0.521808607100508
t5580_lib_libvtkCommonExecutionModel_6_1_so : 1.7795032476787012
t6818_lib_libvtkImagingFourier_6_1_so : 2.90446186167806
t6643_lib_libvtkImagingCore_6_1_so : 3.2237363710870865
t6916_lib_libvtkFiltersStatistics_6_1_so : 4.7982233137107535
t5826_lib_libvtkFiltersCore_6_1_so : 5.06086686882581
t8626_lib_libvtkIOCore_6_1_so : 5.71211343123355
t7293_lib_libvtkFiltersGeometry_6_1_so : 10.002895391218553
t6224_lib_libvtkFiltersGeneral_6_1_so : 10.457308491888988
t6989_lib_libvtkFiltersExtraction_6_1_so : 14.167494661741326
t6819_lib_libvtkImagingFourier_6_1_so_1 : 16.202716833400356
t7390_lib_libvtkFiltersSources_6_1_so : 16.937822459140094
t8627_lib_libvtkIOCore_6_1_so_1 : 19.630988580824294
t9226_lib_libvtkIOImage_6_1_so : 20.845541230838613
t6917_lib_libvtkFiltersStatistics_6_1_so_1 : 21.873992064521193
t7294_lib_libvtkFiltersGeometry_6_1_so_1 : 23.18328327345542
t6644_lib_libvtkImagingCore_6_1_so_1 : 25.313123056011303
t5581_lib_libvtkCommonExecutionModel_6_1_so_1 : 28.75593966491826
t9361_lib_libvtkImagingHybrid_6_1_so : 36.72922943888695
t7391_lib_libvtkFiltersSources_6_1_so_1 : 39.50075872738846
t5827_lib_libvtkFiltersCore_6_1_so_1 : 40.44243303738902
t9362_lib_libvtkImagingHybrid_6_1_so_1 : 43.03438757516112
t9227_lib_libvtkIOImage_6_1_so_1 : 48.69539113138497
t6990_lib_libvtkFiltersExtraction_6_1_so_1 : 49.47351057085174
t7531_lib_libvtkRenderingCore_6_1_so : 56.07049603254394
t7114_lib_libvtkInfovisCore_6_1_so : 60.53067622385261
t6225_lib_libvtkFiltersGeneral_6_1_so_1 : 60.631226422876395
t7115_lib_libvtkInfovisCore_6_1_so_1 : 71.03608967512072
t8503_lib_libvtkRenderingFreeType_6_1_so : 76.41772902275942
t8504_lib_libvtkRenderingFreeType_6_1_so_1 : 89.72674002677577
t7532_lib_libvtkRenderingCore_6_1_so_1 : 131.57763772363282

