Commit:01204dd
Date:Mon Nov 4 17:27:00 2013 -0500
The target Parallel/Core/vtkMultiProcessStream.cxx has the following dependencies: 
t14652_Parallel_Core_CMakeFiles_vtkParallelCore_dir_vtkMultiProcessStream_cxx_o : 0.41073644455347735
t14628_lib_libvtkParallelCore_7_1_so : 0.4787122918353384
t14696_lib_libvtkFiltersAMR_7_1_so : 0.7719076140749287
t16735_lib_libvtkFiltersParallel_7_1_so : 2.664025204104485
t15655_lib_libvtkIOAMR_7_1_so : 2.709238293035879
t19910_lib_libvtkIOParallelXML_7_1_so : 3.5798870058270382
t17958_lib_libvtkIOParallel_7_1_so : 4.763479250998257
t14697_lib_libvtkFiltersAMR_7_1_so_1 : 5.853248132469917
t20871_bin_vtkParallelCore_TestSocketCommunicator : 5.8543065824892215
t20855_bin_vtkParallelCoreCxxTests : 6.3677161701628435
t14629_lib_libvtkParallelCore_7_1_so_1 : 7.347686523378153
t19911_lib_libvtkIOParallelXML_7_1_so_1 : 8.070322366651855
t19639_bin_vtkIOLegacyCxxTests : 8.360283439968532
t16896_lib_libvtkFiltersParallelImaging_7_1_so : 9.85805005126773
t16897_lib_libvtkFiltersParallelImaging_7_1_so_1 : 11.421235354432623
t15656_lib_libvtkIOAMR_7_1_so_1 : 12.043474320168844
t16075_bin_vtkFiltersFlowPathsCxxTests : 12.68226202549646
t19078_bin_vtkIOAMRCxxTests : 13.96032029589155
t15705_bin_vtkFiltersAMRCxxTests : 14.22291015150435
t20139_bin_vtkIOXMLCxxTests : 18.989885028091237
t16736_lib_libvtkFiltersParallel_7_1_so_1 : 20.703736974978113
t19354_bin_vtkIOGeometryCxxTests : 20.77067865338692
t17959_lib_libvtkIOParallel_7_1_so_1 : 27.138113241166216
t18012_bin_vtkFiltersSourcesCxxTests : 37.75959977410841
t20883_bin_vtkRenderingAnnotationCxxTests : 44.04195950672797
t21026_bin_vtkRenderingCoreCxxTests : 55.98790500687413
t20546_bin_vtkInteractionWidgetsCxxTests : 85.60728281870834


The target Parallel/Core/vtkMultiProcessStream.h has the following dependencies: 
t14652_Parallel_Core_CMakeFiles_vtkParallelCore_dir_vtkMultiProcessStream_cxx_o : 0.41073644455347735
t14683_Parallel_Core_CMakeFiles_vtkParallelCore_dir_vtkFieldDataSerializer_cxx_o : 0.4496411430099846
t20860_Parallel_Core_Testing_Cxx_CMakeFiles_vtkParallelCoreCxxTests_dir_TestFieldDataSerialization_cxx_o : 0.46873656110911327
t14628_lib_libvtkParallelCore_7_1_so : 0.4787122918353384
t14631_Parallel_Core_CMakeFiles_vtkParallelCore_dir_vtkCommunicator_cxx_o : 0.4942030733956976
t16784_Filters_Parallel_CMakeFiles_vtkFiltersParallel_dir_vtkPExtractArraysOverTime_cxx_o : 0.5795433339569455
t17999_IO_Parallel_CMakeFiles_vtkIOParallel_dir_vtkPSLACReader_cxx_o : 0.6922678266230075
t14696_lib_libvtkFiltersAMR_7_1_so : 0.7719076140749287
t16735_lib_libvtkFiltersParallel_7_1_so : 2.664025204104485
t15655_lib_libvtkIOAMR_7_1_so : 2.709238293035879
t19910_lib_libvtkIOParallelXML_7_1_so : 3.5798870058270382
t17958_lib_libvtkIOParallel_7_1_so : 4.763479250998257
t14697_lib_libvtkFiltersAMR_7_1_so_1 : 5.853248132469917
t20871_bin_vtkParallelCore_TestSocketCommunicator : 5.8543065824892215
t20855_bin_vtkParallelCoreCxxTests : 6.3677161701628435
t14629_lib_libvtkParallelCore_7_1_so_1 : 7.347686523378153
t19911_lib_libvtkIOParallelXML_7_1_so_1 : 8.070322366651855
t19639_bin_vtkIOLegacyCxxTests : 8.360283439968532
t16896_lib_libvtkFiltersParallelImaging_7_1_so : 9.85805005126773
t16897_lib_libvtkFiltersParallelImaging_7_1_so_1 : 11.421235354432623
t15656_lib_libvtkIOAMR_7_1_so_1 : 12.043474320168844
t16075_bin_vtkFiltersFlowPathsCxxTests : 12.68226202549646
t19078_bin_vtkIOAMRCxxTests : 13.96032029589155
t15705_bin_vtkFiltersAMRCxxTests : 14.22291015150435
t20139_bin_vtkIOXMLCxxTests : 18.989885028091237
t16736_lib_libvtkFiltersParallel_7_1_so_1 : 20.703736974978113
t19354_bin_vtkIOGeometryCxxTests : 20.77067865338692
t17959_lib_libvtkIOParallel_7_1_so_1 : 27.138113241166216
t18012_bin_vtkFiltersSourcesCxxTests : 37.75959977410841
t20883_bin_vtkRenderingAnnotationCxxTests : 44.04195950672797
t21026_bin_vtkRenderingCoreCxxTests : 55.98790500687413
t20546_bin_vtkInteractionWidgetsCxxTests : 85.60728281870834


