Commit:0482ec0
Date:Tue Nov 19 13:08:41 2013 -0500
The target ThirdParty/png/vtkpng/png.h has the following dependencies: 
t9076_ThirdParty_png_vtkpng_CMakeFiles_vtkpng_dir_pnggccrd_c_o : 0.38581779551337364
t9070_ThirdParty_png_vtkpng_CMakeFiles_vtkpng_dir_pngvcrd_c_o : 0.38581779551337364
t9043_ThirdParty_png_vtkpng_CMakeFiles_vtkpng_dir_pngwrite_c_o : 0.38581779551337364
t9052_ThirdParty_png_vtkpng_CMakeFiles_vtkpng_dir_pngrtran_c_o : 0.38581779551337364
t9079_ThirdParty_png_vtkpng_CMakeFiles_vtkpng_dir_pngread_c_o : 0.38581779551337364
t9040_ThirdParty_png_vtkpng_CMakeFiles_vtkpng_dir_pngrio_c_o : 0.38581779551337364
t9073_ThirdParty_png_vtkpng_CMakeFiles_vtkpng_dir_pngwutil_c_o : 0.38581779551337364
t9085_ThirdParty_png_vtkpng_CMakeFiles_vtkpng_dir_pngwio_c_o : 0.3858177955133737
t9046_ThirdParty_png_vtkpng_CMakeFiles_vtkpng_dir_png_c_o : 0.3858177955133737
t9055_ThirdParty_png_vtkpng_CMakeFiles_vtkpng_dir_pngtrans_c_o : 0.3858177955133737
t9067_ThirdParty_png_vtkpng_CMakeFiles_vtkpng_dir_pngrutil_c_o : 0.3858177955133737
t9064_ThirdParty_png_vtkpng_CMakeFiles_vtkpng_dir_pngpread_c_o : 0.3858177955133737
t9049_ThirdParty_png_vtkpng_CMakeFiles_vtkpng_dir_pngmem_c_o : 0.3858177955133737
t9061_ThirdParty_png_vtkpng_CMakeFiles_vtkpng_dir_pngerror_c_o : 0.3858177955133737
t9033_ThirdParty_png_vtkpng_CMakeFiles_vtkpng_dir_pngget_c_o : 0.3858177955133737
t9082_ThirdParty_png_vtkpng_CMakeFiles_vtkpng_dir_pngset_c_o : 0.3858177955133737
t9058_ThirdParty_png_vtkpng_CMakeFiles_vtkpng_dir_pngwtran_c_o : 0.38581779551337375
t9335_IO_Image_CMakeFiles_vtkIOImage_dir_vtkPNGWriter_cxx_o : 0.5143092730710933
t9331_IO_Image_CMakeFiles_vtkIOImage_dir_vtkPNGReader_cxx_o : 0.530409804496662
t9030_lib_libvtkpng_6_1_so : 2.8879898819735397
t9031_lib_libvtkpng_6_1_so_1 : 6.442329134055388
t9247_lib_libvtkIOImage_6_1_so : 20.845209021126863
t9382_lib_libvtkImagingHybrid_6_1_so : 36.72664701461138
t9383_lib_libvtkImagingHybrid_6_1_so_1 : 43.03134942895457
t9248_lib_libvtkIOImage_6_1_so_1 : 48.694609461474975

