Commit:07e3787
Date:Sun May 19 11:19:53 2013 -0400
The target Common/Core/vtkArrayPrint.h has the following dependencies: 
t3709_IO_Core_CMakeFiles_vtkIOCore_dir_vtkArrayWriter_cxx_o : 0.8472765383734924
t3696_lib_libvtkIOCore_6_1_so : 2.7350216136711145
t4468_lib_libvtkIOXMLParser_6_1_so : 3.928959551290422
t4297_lib_libvtkIOImage_6_1_so : 7.002608586090549
t4469_lib_libvtkIOXMLParser_6_1_so_1 : 13.337504298672078
t3697_lib_libvtkIOCore_6_1_so_1 : 18.247211390619633
t5561_lib_libvtkImagingHybrid_6_1_so : 28.745845779501728
t4298_lib_libvtkIOImage_6_1_so_1 : 32.2475698168967
t5562_lib_libvtkImagingHybrid_6_1_so_1 : 33.642171505296155
t4520_lib_libvtkRenderingCore_6_1_so : 57.921718622432024
t4521_lib_libvtkRenderingCore_6_1_so_1 : 135.933455582193
t5467_lib_libvtkRenderingFreeType_6_1_so : 137.51969684878583
t5468_lib_libvtkRenderingFreeType_6_1_so_1 : 161.6114080573951

