Commit:0994d6c
Date:Thu Jul 11 13:45:27 2013 -0700
The target Rendering/OpenGL/vtkFrameBufferObject.cxx has the following dependencies: 
t9574_Rendering_OpenGL_CMakeFiles_vtkRenderingOpenGL_dir_vtkFrameBufferObject_cxx_o : 0.4616156650314846
t9529_lib_libvtkRenderingOpenGL_6_1_so : 32.844043774766824
t9530_lib_libvtkRenderingOpenGL_6_1_so_1 : 38.46358091149038

