Commit:0b0777a
Date:Tue Dec 10 10:48:39 2013 -0500
The target Infovis/Core/vtkTreeDifferenceFilter.cxx has the following dependencies: 
t7305_Infovis_Core_CMakeFiles_vtkInfovisCore_dir_vtkTreeDifferenceFilter_cxx_o : 0.5245950834885312
t7155_lib_libvtkInfovisCore_6_1_so : 60.59721494858766
t7156_lib_libvtkInfovisCore_6_1_so_1 : 71.1143705277502

