Commit:10280aa
Date:Fri Jul 26 09:54:55 2013 -0400
The target Rendering/Core/vtkGenericVertexAttributeMapping.cxx has the following dependencies: 
t8468_Rendering_Core_CMakeFiles_vtkRenderingCore_dir_vtkGenericVertexAttributeMapping_cxx_o : 0.38909309576551765
t8302_lib_libvtkRenderingCore_6_1_so : 57.920773847027014
t8303_lib_libvtkRenderingCore_6_1_so_1 : 135.93123258124004
t9249_lib_libvtkRenderingFreeType_6_1_so : 137.51772353097203
t9250_lib_libvtkRenderingFreeType_6_1_so_1 : 161.60908650702592

