Commit:12a9dff
Date:Wed Nov 20 14:31:38 2013 +0100
The target Common/DataModel/vtkPolygon.cxx has the following dependencies: 
t5356_Common_DataModel_CMakeFiles_vtkCommonDataModel_dir_vtkPolygon_cxx_o : 0.4286871174651074
t5608_lib_libvtkCommonExecutionModel_6_1_so : 1.7245441339640522
t6160_lib_libvtkCommonComputationalGeometry_6_1_so : 2.159560698411293
t6839_lib_libvtkImagingFourier_6_1_so : 2.904230328786763
t6664_lib_libvtkImagingCore_6_1_so : 3.2236501940368973
t4800_lib_libvtkCommonDataModel_6_1_so : 3.72036413510338
t6937_lib_libvtkFiltersStatistics_6_1_so : 4.798028647045651
t5847_lib_libvtkFiltersCore_6_1_so : 5.070056471808647
t8647_lib_libvtkIOCore_6_1_so : 5.712155793005545
t5586_lib_libvtkCommonColor_6_1_so : 6.80086310595051
t5587_lib_libvtkCommonColor_6_1_so_1 : 7.824544830530011
t7314_lib_libvtkFiltersGeometry_6_1_so : 10.024264393441573
t6245_lib_libvtkFiltersGeneral_6_1_so : 10.462468685755935
t7010_lib_libvtkFiltersExtraction_6_1_so : 14.172472430270865
t6161_lib_libvtkCommonComputationalGeometry_6_1_so_1 : 14.185134341726775
t6840_lib_libvtkImagingFourier_6_1_so_1 : 16.201354875216254
t7411_lib_libvtkFiltersSources_6_1_so : 16.947004792947244
t8648_lib_libvtkIOCore_6_1_so_1 : 19.631138092960747
t9247_lib_libvtkIOImage_6_1_so : 20.845209021126863
t6938_lib_libvtkFiltersStatistics_6_1_so_1 : 21.87307598609718
t7315_lib_libvtkFiltersGeometry_6_1_so_1 : 23.233563278686052
t6665_lib_libvtkImagingCore_6_1_so_1 : 25.3124133626568
t5609_lib_libvtkCommonExecutionModel_6_1_so_1 : 27.786072952306807
t9382_lib_libvtkImagingHybrid_6_1_so : 36.72664701461138
t7412_lib_libvtkFiltersSources_6_1_so_1 : 39.5223642186994
t5848_lib_libvtkFiltersCore_6_1_so_1 : 40.5181121207771
t9383_lib_libvtkImagingHybrid_6_1_so_1 : 43.03134942895457
t9248_lib_libvtkIOImage_6_1_so_1 : 48.694609461474975
t7011_lib_libvtkFiltersExtraction_6_1_so_1 : 49.49107916566188
t7552_lib_libvtkRenderingCore_6_1_so : 56.09497827698092
t7135_lib_libvtkInfovisCore_6_1_so : 60.60277511464978
t6246_lib_libvtkFiltersGeneral_6_1_so_1 : 60.661580504446675
t7136_lib_libvtkInfovisCore_6_1_so_1 : 71.12091189958798
t4801_lib_libvtkCommonDataModel_6_1_so_1 : 75.60771109630689
t8524_lib_libvtkRenderingFreeType_6_1_so : 76.43575406912242
t8525_lib_libvtkRenderingFreeType_6_1_so_1 : 89.74794596367343
t7553_lib_libvtkRenderingCore_6_1_so_1 : 131.635243004661

