Commit:16929d4
Date:Thu Nov 7 15:17:31 2013 -0500
The target Filters/SMP/vtkSMPMergePolyDataHelper.cxx has the following dependencies: 
t17082_Filters_SMP_CMakeFiles_vtkFiltersSMP_dir_vtkSMPMergePolyDataHelper_cxx_o : 0.4607994989479989
t17065_lib_libvtkFiltersSMP_7_1_so : 2.5180048684827145
t17066_lib_libvtkFiltersSMP_7_1_so_1 : 5.5717761611358
t17110_bin_vtkFiltersSMPCxxTests : 8.225228259585045


