Commit:17182fe
Date:Tue Jul 23 09:57:59 2013 -0400
The target Filters/Core/vtkCutter.cxx has the following dependencies: 
t6083_Filters_Core_CMakeFiles_vtkFiltersCore_dir_vtkCutter_cxx_o : 0.6820101380544941
t5822_lib_libvtkFiltersCore_6_1_so : 5.062362596424206
t7285_lib_libvtkFiltersGeometry_6_1_so : 10.008547821373872
t6220_lib_libvtkFiltersGeneral_6_1_so : 10.459995376257778
t6985_lib_libvtkFiltersExtraction_6_1_so : 14.175128601093085
t7382_lib_libvtkFiltersSources_6_1_so : 16.94531331573007
t7286_lib_libvtkFiltersGeometry_6_1_so_1 : 23.196583109114993
t7383_lib_libvtkFiltersSources_6_1_so_1 : 39.51838427230605
t5823_lib_libvtkFiltersCore_6_1_so_1 : 40.4547507940817
t6986_lib_libvtkFiltersExtraction_6_1_so_1 : 49.500453886210884
t7523_lib_libvtkRenderingCore_6_1_so : 56.0922453279341
t7110_lib_libvtkInfovisCore_6_1_so : 60.210443862573705
t6221_lib_libvtkFiltersGeneral_6_1_so_1 : 60.647031625045756
t7111_lib_libvtkInfovisCore_6_1_so_1 : 70.65934572067495
t8495_lib_libvtkRenderingFreeType_6_1_so : 76.44632781446137
t8496_lib_libvtkRenderingFreeType_6_1_so_1 : 89.7603856640722
t7524_lib_libvtkRenderingCore_6_1_so_1 : 131.62881253631554

The target Filters/Extraction/vtkExtractGeometry.cxx has the following dependencies: 
t7020_Filters_Extraction_CMakeFiles_vtkFiltersExtraction_dir_vtkExtractGeometry_cxx_o : 0.51855843388585
t6985_lib_libvtkFiltersExtraction_6_1_so : 14.175128601093085
t6986_lib_libvtkFiltersExtraction_6_1_so_1 : 49.500453886210884
t7523_lib_libvtkRenderingCore_6_1_so : 56.0922453279341
t7110_lib_libvtkInfovisCore_6_1_so : 60.210443862573705
t7111_lib_libvtkInfovisCore_6_1_so_1 : 70.65934572067495
t8495_lib_libvtkRenderingFreeType_6_1_so : 76.44632781446137
t8496_lib_libvtkRenderingFreeType_6_1_so_1 : 89.7603856640722
t7524_lib_libvtkRenderingCore_6_1_so_1 : 131.62881253631554

