Commit:1d1fb48
Date:Fri Oct 25 18:06:43 2013 -0400
The target Rendering/OpenGL/vtkXOpenGLRenderWindow.cxx has the following dependencies: 
t9817_Rendering_OpenGL_CMakeFiles_vtkRenderingOpenGL_dir_vtkXOpenGLRenderWindow_cxx_o : 0.7650708683666723
t9524_lib_libvtkRenderingOpenGL_6_1_so : 31.223985450987144
t9525_lib_libvtkRenderingOpenGL_6_1_so_1 : 36.55762994233782

