Commit:2c597d3
Date:Wed Nov 13 21:23:49 2013 -0500
The target Utilities/MetaIO/vtkmetaio/metaMesh.cxx has the following dependencies: 
t8804_Utilities_MetaIO_vtkmetaio_CMakeFiles_vtkmetaio_dir_metaMesh_cxx_o : 0.45161895965561333
t8743_lib_libvtkmetaio_6_1_so : 5.03761486465126
t8744_lib_libvtkmetaio_6_1_so_1 : 11.500270269767672
t9240_lib_libvtkIOImage_6_1_so : 20.83417129885348
t9375_lib_libvtkImagingHybrid_6_1_so : 36.69307465070716
t9376_lib_libvtkImagingHybrid_6_1_so_1 : 42.99185253024372
t9241_lib_libvtkIOImage_6_1_so_1 : 48.668638350243484

The target Utilities/MetaIO/vtkmetaio/metaTransform.cxx has the following dependencies: 
t8834_Utilities_MetaIO_vtkmetaio_CMakeFiles_vtkmetaio_dir_metaTransform_cxx_o : 0.4516189596556132
t8743_lib_libvtkmetaio_6_1_so : 5.03761486465126
t8744_lib_libvtkmetaio_6_1_so_1 : 11.500270269767672
t9240_lib_libvtkIOImage_6_1_so : 20.83417129885348
t9375_lib_libvtkImagingHybrid_6_1_so : 36.69307465070716
t9376_lib_libvtkImagingHybrid_6_1_so_1 : 42.99185253024372
t9241_lib_libvtkIOImage_6_1_so_1 : 48.668638350243484

The target Utilities/MetaIO/vtkmetaio/metaTube.cxx has the following dependencies: 
t8828_Utilities_MetaIO_vtkmetaio_CMakeFiles_vtkmetaio_dir_metaTube_cxx_o : 0.45161895965561316
t8743_lib_libvtkmetaio_6_1_so : 5.03761486465126
t8744_lib_libvtkmetaio_6_1_so_1 : 11.500270269767672
t9240_lib_libvtkIOImage_6_1_so : 20.83417129885348
t9375_lib_libvtkImagingHybrid_6_1_so : 36.69307465070716
t9376_lib_libvtkImagingHybrid_6_1_so_1 : 42.99185253024372
t9241_lib_libvtkIOImage_6_1_so_1 : 48.668638350243484

The target Utilities/MetaIO/vtkmetaio/metaUtils.cxx has the following dependencies: 
t8746_Utilities_MetaIO_vtkmetaio_CMakeFiles_vtkmetaio_dir_metaUtils_cxx_o : 0.3762540528233151
t8743_lib_libvtkmetaio_6_1_so : 5.03761486465126
t8744_lib_libvtkmetaio_6_1_so_1 : 11.500270269767672
t9240_lib_libvtkIOImage_6_1_so : 20.83417129885348
t9375_lib_libvtkImagingHybrid_6_1_so : 36.69307465070716
t9376_lib_libvtkImagingHybrid_6_1_so_1 : 42.99185253024372
t9241_lib_libvtkIOImage_6_1_so_1 : 48.668638350243484

The target Utilities/MetaIO/vtkmetaio/metaOutput.cxx has the following dependencies: 
t8811_Utilities_MetaIO_vtkmetaio_CMakeFiles_vtkmetaio_dir_metaOutput_cxx_o : 0.562404052823315
t8743_lib_libvtkmetaio_6_1_so : 5.03761486465126
t8744_lib_libvtkmetaio_6_1_so_1 : 11.500270269767672
t9240_lib_libvtkIOImage_6_1_so : 20.83417129885348
t9375_lib_libvtkImagingHybrid_6_1_so : 36.69307465070716
t9376_lib_libvtkImagingHybrid_6_1_so_1 : 42.99185253024372
t9241_lib_libvtkIOImage_6_1_so_1 : 48.668638350243484

