Commit:2f4a9ca
Date:Fri Aug 9 15:56:18 2013 -0400
The target Filters/Core/vtkAppendFilter.cxx has the following dependencies: 
t5695_Filters_Core_CMakeFiles_vtkFiltersCore_dir_vtkAppendFilter_cxx_o : 0.4668396255510116
t5692_lib_libvtkFiltersCore_6_1_so : 4.386958928178509
t7155_lib_libvtkFiltersGeometry_6_1_so : 6.397131385588832
t6090_lib_libvtkFiltersGeneral_6_1_so : 8.51537986436421
t6855_lib_libvtkFiltersExtraction_6_1_so : 9.409169777905868
t7252_lib_libvtkFiltersSources_6_1_so : 10.382482831817748
t7156_lib_libvtkFiltersGeometry_6_1_so_1 : 22.048699007960582
t7253_lib_libvtkFiltersSources_6_1_so_1 : 36.11464528876852
t5693_lib_libvtkFiltersCore_6_1_so_1 : 39.87726050050361
t6856_lib_libvtkFiltersExtraction_6_1_so_1 : 43.57256366073349
t6980_lib_libvtkInfovisCore_6_1_so : 51.151623430682974
t8302_lib_libvtkRenderingCore_6_1_so : 57.920773847027014
t6091_lib_libvtkFiltersGeneral_6_1_so_1 : 59.04974021904148
t6981_lib_libvtkInfovisCore_6_1_so_1 : 60.00190991845056
t8303_lib_libvtkRenderingCore_6_1_so_1 : 135.93123258124004
t9249_lib_libvtkRenderingFreeType_6_1_so : 137.51772353097203
t9250_lib_libvtkRenderingFreeType_6_1_so_1 : 161.60908650702592

The target Filters/Geometry/vtkDataSetSurfaceFilter.cxx has the following dependencies: 
t7200_Filters_Geometry_CMakeFiles_vtkFiltersGeometry_dir_vtkDataSetSurfaceFilter_cxx_o : 0.783142893763883
t7155_lib_libvtkFiltersGeometry_6_1_so : 6.397131385588832
t7156_lib_libvtkFiltersGeometry_6_1_so_1 : 22.048699007960582
t8302_lib_libvtkRenderingCore_6_1_so : 57.920773847027014
t8303_lib_libvtkRenderingCore_6_1_so_1 : 135.93123258124004
t9249_lib_libvtkRenderingFreeType_6_1_so : 137.51772353097203
t9250_lib_libvtkRenderingFreeType_6_1_so_1 : 161.60908650702592

