Commit:2f6eeb6
Date:Wed Aug 21 09:35:23 2013 -0600
The target Filters/Geometry/vtkStructuredAMRNeighbor.h has the following dependencies: 
t7225_Filters_Geometry_CMakeFiles_vtkFiltersGeometry_dir_vtkStructuredAMRNeighbor_cxx_o : 0.45418838293518365
t7230_Filters_Geometry_CMakeFiles_vtkFiltersGeometry_dir_vtkStructuredAMRGridConnectivity_cxx_o : 0.6781550964118072
t7165_lib_libvtkFiltersGeometry_6_1_so : 6.345827728503139
t7166_lib_libvtkFiltersGeometry_6_1_so_1 : 21.8676272770699
t8312_lib_libvtkRenderingCore_6_1_so : 55.4369547474157
t8313_lib_libvtkRenderingCore_6_1_so_1 : 130.08695234686047
t9259_lib_libvtkRenderingFreeType_6_1_so : 130.3176004644308
t9260_lib_libvtkRenderingFreeType_6_1_so_1 : 153.13835348756564

The target Filters/Geometry/vtkStructuredAMRNeighbor.cxx has the following dependencies: 
t7225_Filters_Geometry_CMakeFiles_vtkFiltersGeometry_dir_vtkStructuredAMRNeighbor_cxx_o : 0.45418838293518365
t7165_lib_libvtkFiltersGeometry_6_1_so : 6.345827728503139
t7166_lib_libvtkFiltersGeometry_6_1_so_1 : 21.8676272770699
t8312_lib_libvtkRenderingCore_6_1_so : 55.4369547474157
t8313_lib_libvtkRenderingCore_6_1_so_1 : 130.08695234686047
t9259_lib_libvtkRenderingFreeType_6_1_so : 130.3176004644308
t9260_lib_libvtkRenderingFreeType_6_1_so_1 : 153.13835348756564

