Commit:31a4770
Date:Tue Oct 8 11:57:05 2013 -0400
The target Common/Core/vtkPoints.cxx has the following dependencies: 
t4619_lib_libvtkCommonMisc_6_1_so : 0.3309688891469034
t4652_lib_libvtkCommonSystem_6_1_so : 0.3996413664764038
t4409_Common_Core_CMakeFiles_vtkCommonCore_dir_vtkPoints_cxx_o : 0.40210489611116607
t4559_lib_libvtkCommonMath_6_1_so : 0.4175034804560588
t4693_lib_libvtkCommonTransforms_6_1_so : 0.5321197963561254
t5570_lib_libvtkCommonExecutionModel_6_1_so : 1.7770156623065736
t3990_lib_libvtkCommonCore_6_1_so : 1.8171391955221838
t6129_lib_libvtkCommonComputationalGeometry_6_1_so : 2.1476927036900246
t6808_lib_libvtkImagingFourier_6_1_so : 2.898034388163071
t6633_lib_libvtkImagingCore_6_1_so : 3.219552607845621
t4770_lib_libvtkCommonDataModel_6_1_so : 3.6841781944840446
t4620_lib_libvtkCommonMisc_6_1_so_1 : 4.045186933871959
t6906_lib_libvtkFiltersStatistics_6_1_so : 4.787492296613677
t5816_lib_libvtkFiltersCore_6_1_so : 5.0488692138562055
t4653_lib_libvtkCommonSystem_6_1_so_1 : 5.5802187800607905
t8616_lib_libvtkIOCore_6_1_so : 5.70235161533605
t4560_lib_libvtkCommonMath_6_1_so_1 : 6.608909517149686
t5548_lib_libvtkCommonColor_6_1_so : 6.729637304299453
t5549_lib_libvtkCommonColor_6_1_so_1 : 7.7407497697640615
t4694_lib_libvtkCommonTransforms_6_1_so_1 : 8.541501330313391
t7283_lib_libvtkFiltersGeometry_6_1_so : 9.969132006398164
t6214_lib_libvtkFiltersGeneral_6_1_so : 10.426902723565428
t6130_lib_libvtkCommonComputationalGeometry_6_1_so_1 : 14.10136026134135
t6979_lib_libvtkFiltersExtraction_6_1_so : 14.12824900192957
t6809_lib_libvtkImagingFourier_6_1_so_1 : 16.164908165665125
t7380_lib_libvtkFiltersSources_6_1_so : 16.896697185160967
t8617_lib_libvtkIOCore_6_1_so_1 : 19.596535112950765
t9216_lib_libvtkIOImage_6_1_so : 20.82611334337628
t6907_lib_libvtkFiltersStatistics_6_1_so_1 : 21.823493160534948
t7284_lib_libvtkFiltersGeometry_6_1_so_1 : 23.1038400150545
t6634_lib_libvtkImagingCore_6_1_so_1 : 25.278668535199234
t5571_lib_libvtkCommonExecutionModel_6_1_so_1 : 28.712041099527767
t9351_lib_libvtkImagingHybrid_6_1_so : 36.66855504283524
t7381_lib_libvtkFiltersSources_6_1_so_1 : 39.403993376849336
t5817_lib_libvtkFiltersCore_6_1_so_1 : 40.34362881999228
t9352_lib_libvtkImagingHybrid_6_1_so_1 : 42.96300593274734
t3991_lib_libvtkCommonCore_6_1_so_1 : 45.11082529060027
t9217_lib_libvtkIOImage_6_1_so_1 : 48.64967845500302
t6980_lib_libvtkFiltersExtraction_6_1_so_1 : 49.334996477398484
t7521_lib_libvtkRenderingCore_6_1_so : 55.972074946051315
t7104_lib_libvtkInfovisCore_6_1_so : 60.39997900663034
t6215_lib_libvtkFiltersGeneral_6_1_so_1 : 60.45236896214957
t7105_lib_libvtkInfovisCore_6_1_so_1 : 70.88232824309452
t4771_lib_libvtkCommonDataModel_6_1_so_1 : 74.84142058907389
t8493_lib_libvtkRenderingFreeType_6_1_so : 76.30468553752776
t8494_lib_libvtkRenderingFreeType_6_1_so_1 : 89.59374769120913
t7522_lib_libvtkRenderingCore_6_1_so_1 : 131.34605869659134

