Commit:338266d
Date:Thu Sep 26 15:11:03 2013 -0400
The target Common/Core/vtkBitArray.cxx has the following dependencies: 
t4615_lib_libvtkCommonMisc_6_1_so : 0.33197469923468187
t4106_Common_Core_CMakeFiles_vtkCommonCore_dir_vtkBitArray_cxx_o : 0.37027401306927843
t4648_lib_libvtkCommonSystem_6_1_so : 0.40060821836119465
t4555_lib_libvtkCommonMath_6_1_so : 0.41837859692906265
t4689_lib_libvtkCommonTransforms_6_1_so : 0.5320419596327051
t5566_lib_libvtkCommonExecutionModel_6_1_so : 1.7784450267865108
t3981_lib_libvtkCommonCore_6_1_so : 1.8387334800247799
t6125_lib_libvtkCommonComputationalGeometry_6_1_so : 1.8652762435577777
t6804_lib_libvtkImagingFourier_6_1_so : 2.3897634731511657
t6629_lib_libvtkImagingCore_6_1_so : 2.838647969539184
t4766_lib_libvtkCommonDataModel_6_1_so : 3.684211837132053
t6902_lib_libvtkFiltersStatistics_6_1_so : 3.692494962581468
t4616_lib_libvtkCommonMisc_6_1_so_1 : 4.067669747598771
t5812_lib_libvtkFiltersCore_6_1_so : 4.439040726009878
t4649_lib_libvtkCommonSystem_6_1_so_1 : 5.60183076336788
t8608_lib_libvtkIOCore_6_1_so : 5.709710647079476
t7275_lib_libvtkFiltersGeometry_6_1_so : 6.530754494410259
t4556_lib_libvtkCommonMath_6_1_so_1 : 6.630530041776841
t5544_lib_libvtkCommonColor_6_1_so : 6.750382626951267
t5545_lib_libvtkCommonColor_6_1_so_1 : 7.765156031707373
t4690_lib_libvtkCommonTransforms_6_1_so_1 : 8.539761450613407
t6210_lib_libvtkFiltersGeneral_6_1_so : 8.59161141185048
t6975_lib_libvtkFiltersExtraction_6_1_so : 9.602121783115392
t7372_lib_libvtkFiltersSources_6_1_so : 10.549054491419557
t6126_lib_libvtkCommonComputationalGeometry_6_1_so_1 : 14.125804358711108
t6805_lib_libvtkImagingFourier_6_1_so_1 : 15.810095104596464
t8609_lib_libvtkIOCore_6_1_so_1 : 19.622508166162852
t6903_lib_libvtkFiltersStatistics_6_1_so_1 : 20.83820566224393
t9208_lib_libvtkIOImage_6_1_so : 20.84035250841914
t7276_lib_libvtkFiltersGeometry_6_1_so_1 : 22.520309980271502
t6630_lib_libvtkImagingCore_6_1_so_1 : 25.304922066251144
t5567_lib_libvtkCommonExecutionModel_6_1_so_1 : 28.737265178585485
t9343_lib_libvtkImagingHybrid_6_1_so : 36.38523998897196
t7373_lib_libvtkFiltersSources_6_1_so_1 : 36.702545263833734
t5813_lib_libvtkFiltersCore_6_1_so_1 : 40.36744212715179
t9344_lib_libvtkImagingHybrid_6_1_so_1 : 42.6296941046729
t6976_lib_libvtkFiltersExtraction_6_1_so_1 : 44.480573097013604
t3982_lib_libvtkCommonCore_6_1_so_1 : 45.69514122419993
t7513_lib_libvtkRenderingCore_6_1_so : 47.89177427323079
t9209_lib_libvtkIOImage_6_1_so_1 : 48.68318237275093
t7100_lib_libvtkInfovisCore_6_1_so : 52.05509330300555
t6211_lib_libvtkFiltersGeneral_6_1_so_1 : 59.58784526012103
t7101_lib_libvtkInfovisCore_6_1_so_1 : 61.06481565059477
t4767_lib_libvtkCommonDataModel_6_1_so_1 : 74.84213302161996
t8485_lib_libvtkRenderingFreeType_6_1_so : 111.71380615224845
t7514_lib_libvtkRenderingCore_6_1_so_1 : 112.33358652524892
t8486_lib_libvtkRenderingFreeType_6_1_so_1 : 131.25153664970406

