Commit:3e73e29
Date:Sat Nov 2 16:31:27 2013 -0400
The target Filters/SMP/vtkSMPWarpVector.cxx has the following dependencies: 
t17097_Filters_SMP_CMakeFiles_vtkFiltersSMP_dir_vtkSMPWarpVector_cxx_o : 0.47555946502080765
t17065_lib_libvtkFiltersSMP_7_1_so : 2.5180048684827145
t17066_lib_libvtkFiltersSMP_7_1_so_1 : 5.5717761611358
t17110_bin_vtkFiltersSMPCxxTests : 8.225228259585045


The target Filters/SMP/vtkSMPContourGrid.cxx has the following dependencies: 
t17068_Filters_SMP_CMakeFiles_vtkFiltersSMP_dir_vtkSMPContourGrid_cxx_o : 0.6631735451170222
t17065_lib_libvtkFiltersSMP_7_1_so : 2.5180048684827145
t17066_lib_libvtkFiltersSMP_7_1_so_1 : 5.5717761611358
t17110_bin_vtkFiltersSMPCxxTests : 8.225228259585045


The target Filters/SMP/vtkSMPContourGridManyPieces.cxx has the following dependencies: 
t17075_Filters_SMP_CMakeFiles_vtkFiltersSMP_dir_vtkSMPContourGridManyPieces_cxx_o : 0.6040590827373148
t17065_lib_libvtkFiltersSMP_7_1_so : 2.5180048684827145
t17066_lib_libvtkFiltersSMP_7_1_so_1 : 5.5717761611358
t17110_bin_vtkFiltersSMPCxxTests : 8.225228259585045


