Commit:3fff279
Date:Tue Jun 18 09:27:46 2013 -0400
The target IO/Export/vtkGL2PSExporter.cxx has the following dependencies: 
t19288_IO_Export_CMakeFiles_vtkIOExport_dir_vtkGL2PSExporter_cxx_o : 0.5853620073649457
t19280_lib_libvtkIOExport_7_1_so : 10.220882819491365
t19281_lib_libvtkIOExport_7_1_so_1 : 11.848097434695724


