Commit:540f6d0
Date:Wed Dec 12 13:41:39 2012 +0100
The target IO/Image/vtkImageImport.h has the following dependencies: 
t9235_IO_Image_CMakeFiles_vtkIOImage_dir_vtkImageImport_cxx_o : 0.4567268187074111
t9240_IO_Image_CMakeFiles_vtkIOImage_dir_vtkImageImportExecutive_cxx_o : 0.46250871147113426
t9574_Rendering_OpenGL_CMakeFiles_vtkRenderingOpenGL_dir_vtkImageProcessingPass_cxx_o : 0.6054352405276173
t9673_Rendering_OpenGL_CMakeFiles_vtkRenderingOpenGL_dir_vtkOpenGLRenderer_cxx_o : 0.6397142599491629
t9565_Rendering_OpenGL_CMakeFiles_vtkRenderingOpenGL_dir_vtkGaussianBlurPass_cxx_o : 0.7677898945843624
t9733_Rendering_OpenGL_CMakeFiles_vtkRenderingOpenGL_dir_vtkSobelGradientMagnitudePass_cxx_o : 0.7695390885500507
t9724_Rendering_OpenGL_CMakeFiles_vtkRenderingOpenGL_dir_vtkShadowMapBakerPass_cxx_o : 0.7992878349590724
t9729_Rendering_OpenGL_CMakeFiles_vtkRenderingOpenGL_dir_vtkShadowMapPass_cxx_o : 1.4495160714980138
t9202_lib_libvtkIOImage_6_1_so : 20.840329002176972
t9508_lib_libvtkRenderingOpenGL_6_1_so : 30.899627194356206
t9509_lib_libvtkRenderingOpenGL_6_1_so_1 : 36.17603199336025
t9337_lib_libvtkImagingHybrid_6_1_so : 36.38518376244583
t9338_lib_libvtkImagingHybrid_6_1_so_1 : 42.62962795581862
t9203_lib_libvtkIOImage_6_1_so_1 : 48.68312706394582

The target IO/Image/vtkImageImport.cxx has the following dependencies: 
t9235_IO_Image_CMakeFiles_vtkIOImage_dir_vtkImageImport_cxx_o : 0.4567268187074111
t9202_lib_libvtkIOImage_6_1_so : 20.840329002176972
t9337_lib_libvtkImagingHybrid_6_1_so : 36.38518376244583
t9338_lib_libvtkImagingHybrid_6_1_so_1 : 42.62962795581862
t9203_lib_libvtkIOImage_6_1_so_1 : 48.68312706394582

