Commit:5b1f54f
Date:Wed Nov 20 13:47:21 2013 -0500
The target Infovis/Core/vtkCollapseVerticesByArray.cxx has the following dependencies: 
t8145_Infovis_Core_CMakeFiles_vtkInfovisCore_dir_vtkCollapseVerticesByArray_cxx_o : 0.45781501542690073
t8121_lib_libvtkInfovisCore_7_1_so : 1.523615140334
t10591_lib_libvtkIOInfovis_7_1_so : 2.1061834075302337
t18282_lib_libvtkInfovisLayout_7_1_so : 2.7356651060562087
t9604_lib_libvtkChartsCore_7_1_so : 4.86710284650653
t10592_lib_libvtkIOInfovis_7_1_so_1 : 13.808353464919296
t21717_lib_libvtkViewsInfovis_7_1_so : 16.967541357495474
t20139_bin_vtkIOXMLCxxTests : 18.989885028091237
t8122_lib_libvtkInfovisCore_7_1_so_1 : 19.392213745891762
t19551_bin_vtkIOInfovisCxxTests : 19.513487529394254
t20496_bin_vtkInfovisLayoutCxxTests : 20.764672539541433
t18283_lib_libvtkInfovisLayout_7_1_so_1 : 21.293712638109955
t9605_lib_libvtkChartsCore_7_1_so_1 : 22.198131042383668
t20416_bin_vtkInfovisCoreCxxTests : 24.211791898653985
t21718_lib_libvtkViewsInfovis_7_1_so_1 : 39.57068554704818
t18956_lib_libvtkGeovisCore_7_1_so : 42.62536111911358
t18957_lib_libvtkGeovisCore_7_1_so_1 : 49.97101308131009
t13380_bin_vtkChartsCoreCxxTests : 53.14463308734408
t21838_bin_vtkViewsInfovisCxxTests : 63.105015063908986


The target Wrapping/PythonCore/vtkPythonArgs.cxx could not be found.

The target Infovis/BoostGraphAlgorithms/vtkBoostBetweennessClustering.cxx could not be found.

The target IO/FFMPEG/vtkFFMPEGWriter.cxx could not be found.

