Commit:5ca8328
Date:Tue Sep 17 00:29:55 2013 -0400
The target Common/Core/vtkUnicodeString.cxx has the following dependencies: 
t4627_lib_libvtkCommonMisc_6_1_so : 0.31896104471508585
t4660_lib_libvtkCommonSystem_6_1_so : 0.38057020705512656
t4567_lib_libvtkCommonMath_6_1_so : 0.40323838726523903
t4701_lib_libvtkCommonTransforms_6_1_so : 0.5090458179136682
t4459_Common_Core_CMakeFiles_vtkCommonCore_dir_vtkUnicodeString_cxx_o : 0.7143400608366118
t5562_lib_libvtkCommonExecutionModel_6_1_so : 1.6526073821222935
t3996_lib_libvtkCommonCore_6_1_so : 1.7628318532278056
t6121_lib_libvtkCommonComputationalGeometry_6_1_so : 1.8133913428111796
t6800_lib_libvtkImagingFourier_6_1_so : 2.2898814873323707
t6625_lib_libvtkImagingCore_6_1_so : 2.7797132459644756
t7594_lib_libvtkIOCore_6_1_so : 2.8202390984012213
t4778_lib_libvtkCommonDataModel_6_1_so : 3.405366281511477
t6898_lib_libvtkFiltersStatistics_6_1_so : 3.5677391481898058
t4628_lib_libvtkCommonMisc_6_1_so_1 : 3.9755539932961375
t8366_lib_libvtkIOXMLParser_6_1_so : 3.992228647748631
t5808_lib_libvtkFiltersCore_6_1_so : 4.373625942023322
t4661_lib_libvtkCommonSystem_6_1_so_1 : 5.425181342473566
t7271_lib_libvtkFiltersGeometry_6_1_so : 6.352117102223845
t5540_lib_libvtkCommonColor_6_1_so : 6.387495634737989
t4568_lib_libvtkCommonMath_6_1_so_1 : 6.554405317453245
t5541_lib_libvtkCommonColor_6_1_so_1 : 7.33823015851528
t4702_lib_libvtkCommonTransforms_6_1_so_1 : 8.44813689208631
t6206_lib_libvtkFiltersGeneral_6_1_so : 8.49123601413911
t6971_lib_libvtkFiltersExtraction_6_1_so : 9.374766749334484
t8195_lib_libvtkIOImage_6_1_so : 9.714009293264931
t7368_lib_libvtkFiltersSources_6_1_so : 10.326355225208237
t8367_lib_libvtkIOXMLParser_6_1_so_1 : 13.560806992053994
t6122_lib_libvtkCommonComputationalGeometry_6_1_so_1 : 13.698516940797951
t6801_lib_libvtkImagingFourier_6_1_so_1 : 15.105045792934384
t7595_lib_libvtkIOCore_6_1_so_1 : 18.848746576949797
t6899_lib_libvtkFiltersStatistics_6_1_so_1 : 20.10434793052827
t7272_lib_libvtkFiltersGeometry_6_1_so_1 : 21.889825066672394
t9463_lib_libvtkImagingHybrid_6_1_so : 23.92426240246342
t6626_lib_libvtkImagingCore_6_1_so_1 : 24.75024231495977
t9464_lib_libvtkImagingHybrid_6_1_so_1 : 27.96972047348638
t5563_lib_libvtkCommonExecutionModel_6_1_so_1 : 28.284374251713764
t7369_lib_libvtkFiltersSources_6_1_so_1 : 35.91654785367613
t5809_lib_libvtkFiltersCore_6_1_so_1 : 39.75177357198421
t6972_lib_libvtkFiltersExtraction_6_1_so_1 : 43.41066705569168
t8196_lib_libvtkIOImage_6_1_so_1 : 45.00710255654085
t3997_lib_libvtkCommonCore_6_1_so_1 : 45.53878173819686
t7096_lib_libvtkInfovisCore_6_1_so : 50.9855785590975
t8418_lib_libvtkRenderingCore_6_1_so : 55.63527324449134
t6207_lib_libvtkFiltersGeneral_6_1_so_1 : 58.879313040981955
t7097_lib_libvtkInfovisCore_6_1_so_1 : 59.806563010702945
t4779_lib_libvtkCommonDataModel_6_1_so_1 : 72.76701099849184
t9369_lib_libvtkRenderingFreeType_6_1_so : 130.54756816790103
t8419_lib_libvtkRenderingCore_6_1_so_1 : 130.5535841046855
t9370_lib_libvtkRenderingFreeType_6_1_so_1 : 153.40890372694238

