Commit:716436e
Date:Mon Oct 28 10:22:31 2013 -0400
The target Filters/Hybrid/vtkProcrustesAlignmentFilter.h has the following dependencies: 
t16507_Filters_Hybrid_Testing_Cxx_CMakeFiles_vtkFiltersHybridCxxTests_dir_TestProcrustesAlignmentFilter_cxx_o : 0.42427198006675987
t12015_Filters_Hybrid_CMakeFiles_vtkFiltersHybrid_dir_vtkProcrustesAlignmentFilter_cxx_o : 0.457561281837893
t11959_lib_libvtkFiltersHybrid_7_1_so : 0.7425582610663793
t13322_lib_libvtkViewsCore_7_1_so : 1.6068503190146712
t19419_lib_libvtkInteractionImage_7_1_so : 2.4623582858223925
t13359_lib_libvtkViewsContext2D_7_1_so : 2.615350574489945
t12757_lib_libvtkInteractionWidgets_7_1_so : 3.7648527683808153
t11960_lib_libvtkFiltersHybrid_7_1_so_1 : 11.851165221327587
t16487_bin_vtkFiltersHybridCxxTests : 12.264692225132874
t19662_lib_libvtkIOMINC_7_1_so : 12.416586347804067
t19420_lib_libvtkInteractionImage_7_1_so_1 : 13.602107563661132
t13323_lib_libvtkViewsCore_7_1_so_1 : 13.711532414255728
t19663_lib_libvtkIOMINC_7_1_so_1 : 14.431278056240078
t13360_lib_libvtkViewsContext2D_7_1_so_1 : 14.50206220288203
t21717_lib_libvtkViewsInfovis_7_1_so : 16.967541357495474
t20399_bin_vtkImagingMorphologicalCxxTests : 19.446071043876152
t21009_bin_vtkRenderingContext2DCxxTests : 20.32305270255654
t19448_bin_vtkIOImageCxxTests : 23.34463024195602
t21262_bin_vtkRenderingFreeTypeCxxTests : 23.867074663143367
t20252_bin_vtkImagingCoreCxxTests : 28.065678565444262
t21718_lib_libvtkViewsInfovis_7_1_so_1 : 39.57068554704818
t18956_lib_libvtkGeovisCore_7_1_so : 42.62536111911358
t18957_lib_libvtkGeovisCore_7_1_so_1 : 49.97101308131009
t13380_bin_vtkChartsCoreCxxTests : 53.14463308734408
t12758_lib_libvtkInteractionWidgets_7_1_so_1 : 59.53875147921343
t21838_bin_vtkViewsInfovisCxxTests : 63.105015063908986
t20546_bin_vtkInteractionWidgetsCxxTests : 85.60728281870834


The target Filters/Hybrid/Testing/Cxx/TestProcrustesAlignmentFilter.cxx has the following dependencies: 
t16507_Filters_Hybrid_Testing_Cxx_CMakeFiles_vtkFiltersHybridCxxTests_dir_TestProcrustesAlignmentFilter_cxx_o : 0.42427198006675987
t16487_bin_vtkFiltersHybridCxxTests : 12.264692225132874


The target Filters/Hybrid/Testing/Cxx/CMakeLists.txt could not be found.

The target Filters/Hybrid/vtkProcrustesAlignmentFilter.cxx has the following dependencies: 
t12015_Filters_Hybrid_CMakeFiles_vtkFiltersHybrid_dir_vtkProcrustesAlignmentFilter_cxx_o : 0.457561281837893
t11959_lib_libvtkFiltersHybrid_7_1_so : 0.7425582610663793
t13322_lib_libvtkViewsCore_7_1_so : 1.6068503190146712
t19419_lib_libvtkInteractionImage_7_1_so : 2.4623582858223925
t13359_lib_libvtkViewsContext2D_7_1_so : 2.615350574489945
t12757_lib_libvtkInteractionWidgets_7_1_so : 3.7648527683808153
t11960_lib_libvtkFiltersHybrid_7_1_so_1 : 11.851165221327587
t16487_bin_vtkFiltersHybridCxxTests : 12.264692225132874
t19662_lib_libvtkIOMINC_7_1_so : 12.416586347804067
t19420_lib_libvtkInteractionImage_7_1_so_1 : 13.602107563661132
t13323_lib_libvtkViewsCore_7_1_so_1 : 13.711532414255728
t19663_lib_libvtkIOMINC_7_1_so_1 : 14.431278056240078
t13360_lib_libvtkViewsContext2D_7_1_so_1 : 14.50206220288203
t21717_lib_libvtkViewsInfovis_7_1_so : 16.967541357495474
t20399_bin_vtkImagingMorphologicalCxxTests : 19.446071043876152
t21009_bin_vtkRenderingContext2DCxxTests : 20.32305270255654
t19448_bin_vtkIOImageCxxTests : 23.34463024195602
t21262_bin_vtkRenderingFreeTypeCxxTests : 23.867074663143367
t20252_bin_vtkImagingCoreCxxTests : 28.065678565444262
t21718_lib_libvtkViewsInfovis_7_1_so_1 : 39.57068554704818
t18956_lib_libvtkGeovisCore_7_1_so : 42.62536111911358
t18957_lib_libvtkGeovisCore_7_1_so_1 : 49.97101308131009
t13380_bin_vtkChartsCoreCxxTests : 53.14463308734408
t12758_lib_libvtkInteractionWidgets_7_1_so_1 : 59.53875147921343
t21838_bin_vtkViewsInfovisCxxTests : 63.105015063908986
t20546_bin_vtkInteractionWidgetsCxxTests : 85.60728281870834


