Commit:78748c5
Date:Thu May 30 16:19:26 2013 -0400
The target Filters/Core/vtkContourGrid.cxx has the following dependencies: 
t5868_Filters_Core_CMakeFiles_vtkFiltersCore_dir_vtkContourGrid_cxx_o : 0.6404028492575421
t5808_lib_libvtkFiltersCore_6_1_so : 4.373625942023321
t7271_lib_libvtkFiltersGeometry_6_1_so : 6.352117102223844
t6206_lib_libvtkFiltersGeneral_6_1_so : 8.49123601413911
t6971_lib_libvtkFiltersExtraction_6_1_so : 9.374766749334484
t7368_lib_libvtkFiltersSources_6_1_so : 10.326355225208234
t7272_lib_libvtkFiltersGeometry_6_1_so_1 : 21.88982506667239
t7369_lib_libvtkFiltersSources_6_1_so_1 : 35.91654785367612
t5809_lib_libvtkFiltersCore_6_1_so_1 : 39.751773571984195
t6972_lib_libvtkFiltersExtraction_6_1_so_1 : 43.41066705569168
t7096_lib_libvtkInfovisCore_6_1_so : 50.98557855909748
t8418_lib_libvtkRenderingCore_6_1_so : 55.63527324449135
t6207_lib_libvtkFiltersGeneral_6_1_so_1 : 58.87931304098195
t7097_lib_libvtkInfovisCore_6_1_so_1 : 59.806563010702924
t9369_lib_libvtkRenderingFreeType_6_1_so : 130.54756816790106
t8419_lib_libvtkRenderingCore_6_1_so_1 : 130.55358410468554
t9370_lib_libvtkRenderingFreeType_6_1_so_1 : 153.4089037269424

The target Filters/Core/vtkContourFilter.cxx has the following dependencies: 
t5857_Filters_Core_CMakeFiles_vtkFiltersCore_dir_vtkContourFilter_cxx_o : 0.859021144024989
t5808_lib_libvtkFiltersCore_6_1_so : 4.373625942023321
t7271_lib_libvtkFiltersGeometry_6_1_so : 6.352117102223844
t6206_lib_libvtkFiltersGeneral_6_1_so : 8.49123601413911
t6971_lib_libvtkFiltersExtraction_6_1_so : 9.374766749334484
t7368_lib_libvtkFiltersSources_6_1_so : 10.326355225208234
t7272_lib_libvtkFiltersGeometry_6_1_so_1 : 21.88982506667239
t7369_lib_libvtkFiltersSources_6_1_so_1 : 35.91654785367612
t5809_lib_libvtkFiltersCore_6_1_so_1 : 39.751773571984195
t6972_lib_libvtkFiltersExtraction_6_1_so_1 : 43.41066705569168
t7096_lib_libvtkInfovisCore_6_1_so : 50.98557855909748
t8418_lib_libvtkRenderingCore_6_1_so : 55.63527324449135
t6207_lib_libvtkFiltersGeneral_6_1_so_1 : 58.87931304098195
t7097_lib_libvtkInfovisCore_6_1_so_1 : 59.806563010702924
t9369_lib_libvtkRenderingFreeType_6_1_so : 130.54756816790106
t8419_lib_libvtkRenderingCore_6_1_so_1 : 130.55358410468554
t9370_lib_libvtkRenderingFreeType_6_1_so_1 : 153.4089037269424

