Commit:8147525
Date:Thu Jun 13 09:30:16 2013 -0400
The target Utilities/MetaIO/vtkmetaio/metaUtils.cxx has the following dependencies: 
t3796_Utilities_MetaIO_vtkmetaio_CMakeFiles_vtkmetaio_dir_metaUtils_cxx_o : 0.37625405282331514
t3793_lib_libvtkmetaio_6_0_so : 2.086754498832802
t4290_lib_libvtkIOImage_6_0_so : 7.002608586090546
t3794_lib_libvtkmetaio_6_0_so_1 : 11.392673522545895
t5554_lib_libvtkImagingHybrid_6_0_so : 28.745845779501717
t4291_lib_libvtkIOImage_6_0_so_1 : 32.247569816896686
t5555_lib_libvtkImagingHybrid_6_0_so_1 : 33.64217150529614
t4513_lib_libvtkRenderingCore_6_0_so : 57.92171862243206
t4514_lib_libvtkRenderingCore_6_0_so_1 : 135.9334555821931
t5460_lib_libvtkRenderingFreeType_6_0_so : 137.51969684878586
t5461_lib_libvtkRenderingFreeType_6_0_so_1 : 161.61140805739512

