Commit:9cba78a
Date:Mon Jun 24 13:46:21 2013 -0400
The target Common/DataModel/vtkUnstructuredGrid.cxx has the following dependencies: 
t5470_Common_DataModel_CMakeFiles_vtkCommonDataModel_dir_vtkUnstructuredGrid_cxx_o : 1.0957282849123404
t5562_lib_libvtkCommonExecutionModel_6_1_so : 1.6526073821222935
t6121_lib_libvtkCommonComputationalGeometry_6_1_so : 1.81339134281118
t6800_lib_libvtkImagingFourier_6_1_so : 2.2898814873323707
t6625_lib_libvtkImagingCore_6_1_so : 2.7797132459644756
t7594_lib_libvtkIOCore_6_1_so : 2.8202390984012213
t4778_lib_libvtkCommonDataModel_6_1_so : 3.4053662815114762
t6898_lib_libvtkFiltersStatistics_6_1_so : 3.5677391481898066
t8366_lib_libvtkIOXMLParser_6_1_so : 3.992228647748631
t5808_lib_libvtkFiltersCore_6_1_so : 4.373625942023322
t7271_lib_libvtkFiltersGeometry_6_1_so : 6.352117102223845
t5540_lib_libvtkCommonColor_6_1_so : 6.387495634737989
t5541_lib_libvtkCommonColor_6_1_so_1 : 7.338230158515281
t6206_lib_libvtkFiltersGeneral_6_1_so : 8.491236014139107
t6971_lib_libvtkFiltersExtraction_6_1_so : 9.374766749334484
t8195_lib_libvtkIOImage_6_1_so : 9.714009293264931
t7368_lib_libvtkFiltersSources_6_1_so : 10.326355225208232
t8367_lib_libvtkIOXMLParser_6_1_so_1 : 13.560806992053992
t6122_lib_libvtkCommonComputationalGeometry_6_1_so_1 : 13.698516940797953
t6801_lib_libvtkImagingFourier_6_1_so_1 : 15.105045792934384
t7595_lib_libvtkIOCore_6_1_so_1 : 18.8487465769498
t6899_lib_libvtkFiltersStatistics_6_1_so_1 : 20.104347930528274
t7272_lib_libvtkFiltersGeometry_6_1_so_1 : 21.889825066672394
t9463_lib_libvtkImagingHybrid_6_1_so : 23.924262402463423
t6626_lib_libvtkImagingCore_6_1_so_1 : 24.75024231495977
t9464_lib_libvtkImagingHybrid_6_1_so_1 : 27.969720473486383
t5563_lib_libvtkCommonExecutionModel_6_1_so_1 : 28.28437425171376
t7369_lib_libvtkFiltersSources_6_1_so_1 : 35.916547853676114
t5809_lib_libvtkFiltersCore_6_1_so_1 : 39.75177357198421
t6972_lib_libvtkFiltersExtraction_6_1_so_1 : 43.41066705569169
t8196_lib_libvtkIOImage_6_1_so_1 : 45.00710255654085
t7096_lib_libvtkInfovisCore_6_1_so : 50.985578559097505
t8418_lib_libvtkRenderingCore_6_1_so : 55.635273244491366
t6207_lib_libvtkFiltersGeneral_6_1_so_1 : 58.87931304098193
t7097_lib_libvtkInfovisCore_6_1_so_1 : 59.80656301070295
t4779_lib_libvtkCommonDataModel_6_1_so_1 : 72.76701099849183
t9369_lib_libvtkRenderingFreeType_6_1_so : 130.54756816790103
t8419_lib_libvtkRenderingCore_6_1_so_1 : 130.55358410468557
t9370_lib_libvtkRenderingFreeType_6_1_so_1 : 153.40890372694238

