Commit:9ec53a3
Date:Mon Dec 16 16:36:37 2013 -0500
The target Filters/General/vtkHyperStreamline.cxx has the following dependencies: 
t6414_Filters_General_CMakeFiles_vtkFiltersGeneral_dir_vtkHyperStreamline_cxx_o : 0.4928191898750307
t6276_lib_libvtkFiltersGeneral_6_1_so : 10.473050796946824
t7049_lib_libvtkFiltersExtraction_6_1_so : 14.256266522286657
t7450_lib_libvtkFiltersSources_6_1_so : 16.983767641211866
t7451_lib_libvtkFiltersSources_6_1_so_1 : 39.608865038145574
t7050_lib_libvtkFiltersExtraction_6_1_so_1 : 49.78682301983526
t7591_lib_libvtkRenderingCore_6_1_so : 56.347389422422744
t6277_lib_libvtkFiltersGeneral_6_1_so_1 : 60.72382821733426
t7174_lib_libvtkInfovisCore_6_1_so : 60.909049633535524
t7175_lib_libvtkInfovisCore_6_1_so_1 : 71.48123486298297
t8563_lib_libvtkRenderingFreeType_6_1_so : 76.66330712988741
t8564_lib_libvtkRenderingFreeType_6_1_so_1 : 90.01565544692636
t7592_lib_libvtkRenderingCore_6_1_so_1 : 132.22915158217117

