Commit:b52d74e
Date:Tue Jul 23 09:27:28 2013 -0400
The target Common/DataModel/vtkPolyData.cxx has the following dependencies: 
t5317_Common_DataModel_CMakeFiles_vtkCommonDataModel_dir_vtkPolyData_cxx_o : 0.5082895082382773
t5562_lib_libvtkCommonExecutionModel_6_1_so : 1.6526073821222935
t6121_lib_libvtkCommonComputationalGeometry_6_1_so : 1.8133913428111796
t6800_lib_libvtkImagingFourier_6_1_so : 2.2898814873323703
t6625_lib_libvtkImagingCore_6_1_so : 2.779713245964475
t7594_lib_libvtkIOCore_6_1_so : 2.8202390984012204
t4778_lib_libvtkCommonDataModel_6_1_so : 3.4053662815114754
t6898_lib_libvtkFiltersStatistics_6_1_so : 3.567739148189805
t8366_lib_libvtkIOXMLParser_6_1_so : 3.9922286477486306
t5808_lib_libvtkFiltersCore_6_1_so : 4.373625942023321
t7271_lib_libvtkFiltersGeometry_6_1_so : 6.352117102223844
t5540_lib_libvtkCommonColor_6_1_so : 6.387495634737985
t5541_lib_libvtkCommonColor_6_1_so_1 : 7.338230158515277
t6206_lib_libvtkFiltersGeneral_6_1_so : 8.49123601413911
t6971_lib_libvtkFiltersExtraction_6_1_so : 9.374766749334484
t8195_lib_libvtkIOImage_6_1_so : 9.71400929326493
t7368_lib_libvtkFiltersSources_6_1_so : 10.326355225208234
t8367_lib_libvtkIOXMLParser_6_1_so_1 : 13.56080699205399
t6122_lib_libvtkCommonComputationalGeometry_6_1_so_1 : 13.69851694079795
t6801_lib_libvtkImagingFourier_6_1_so_1 : 15.105045792934382
t7595_lib_libvtkIOCore_6_1_so_1 : 18.848746576949793
t6899_lib_libvtkFiltersStatistics_6_1_so_1 : 20.104347930528267
t7272_lib_libvtkFiltersGeometry_6_1_so_1 : 21.88982506667239
t9463_lib_libvtkImagingHybrid_6_1_so : 23.924262402463423
t6626_lib_libvtkImagingCore_6_1_so_1 : 24.750242314959767
t9464_lib_libvtkImagingHybrid_6_1_so_1 : 27.969720473486383
t5563_lib_libvtkCommonExecutionModel_6_1_so_1 : 28.284374251713764
t7369_lib_libvtkFiltersSources_6_1_so_1 : 35.91654785367612
t5809_lib_libvtkFiltersCore_6_1_so_1 : 39.751773571984195
t6972_lib_libvtkFiltersExtraction_6_1_so_1 : 43.41066705569168
t8196_lib_libvtkIOImage_6_1_so_1 : 45.00710255654084
t7096_lib_libvtkInfovisCore_6_1_so : 50.98557855909748
t8418_lib_libvtkRenderingCore_6_1_so : 55.63527324449135
t6207_lib_libvtkFiltersGeneral_6_1_so_1 : 58.87931304098195
t7097_lib_libvtkInfovisCore_6_1_so_1 : 59.806563010702924
t4779_lib_libvtkCommonDataModel_6_1_so_1 : 72.76701099849181
t9369_lib_libvtkRenderingFreeType_6_1_so : 130.54756816790106
t8419_lib_libvtkRenderingCore_6_1_so_1 : 130.55358410468554
t9370_lib_libvtkRenderingFreeType_6_1_so_1 : 153.4089037269424

