Commit:b5c1107
Date:Tue Dec 17 18:01:48 2013 -0500
The target IO/Image/vtkJPEGWriter.cxx has the following dependencies: 
t9358_IO_Image_CMakeFiles_vtkIOImage_dir_vtkJPEGWriter_cxx_o : 0.5785175363629517
t9291_lib_libvtkIOImage_6_1_so : 20.924598446607355
t9426_lib_libvtkImagingHybrid_6_1_so : 36.84153120268218
t9427_lib_libvtkImagingHybrid_6_1_so_1 : 43.16650729727315
t9292_lib_libvtkIOImage_6_1_so_1 : 48.88140810966437

