Commit:bf64aea
Date:Mon Aug 5 17:19:31 2013 -0400
The target Imaging/General/vtkImageSlabReslice.h has the following dependencies: 
t12270_Imaging_General_CMakeFiles_vtkImagingGeneral_dir_vtkImageSlabReslice_cxx_o : 0.4214521846177021
t13293_Interaction_Widgets_CMakeFiles_vtkInteractionWidgets_dir_vtkResliceCursorThickLineRepresentation_cxx_o : 0.5128771105227252
t12174_lib_libvtkImagingGeneral_7_1_so : 0.5960033494610579
t16050_lib_libvtkFiltersImaging_7_1_so : 0.7537319126426769
t13322_lib_libvtkViewsCore_7_1_so : 1.6068503190146712
t19419_lib_libvtkInteractionImage_7_1_so : 2.4623582858223925
t13359_lib_libvtkViewsContext2D_7_1_so : 2.615350574489945
t20346_lib_libvtkImagingMorphological_7_1_so : 2.829624399934733
t16051_lib_libvtkFiltersImaging_7_1_so_1 : 3.551364192015747
t12757_lib_libvtkInteractionWidgets_7_1_so : 3.7648527683808153
t20347_lib_libvtkImagingMorphological_7_1_so_1 : 6.304998588081725
t16896_lib_libvtkFiltersParallelImaging_7_1_so : 9.85805005126773
t12175_lib_libvtkImagingGeneral_7_1_so_1 : 11.018906280802605
t16897_lib_libvtkFiltersParallelImaging_7_1_so_1 : 11.421235354432623
t16075_bin_vtkFiltersFlowPathsCxxTests : 12.68226202549646
t19420_lib_libvtkInteractionImage_7_1_so_1 : 13.602107563661132
t13323_lib_libvtkViewsCore_7_1_so_1 : 13.711532414255728
t13360_lib_libvtkViewsContext2D_7_1_so_1 : 14.50206220288203
t21717_lib_libvtkViewsInfovis_7_1_so : 16.967541357495474
t21443_bin_vtkRenderingOpenGL2CxxTests : 18.561763356281627
t20399_bin_vtkImagingMorphologicalCxxTests : 19.446071043876152
t21009_bin_vtkRenderingContext2DCxxTests : 20.32305270255654
t19448_bin_vtkIOImageCxxTests : 23.34463024195602
t21262_bin_vtkRenderingFreeTypeCxxTests : 23.867074663143367
t20252_bin_vtkImagingCoreCxxTests : 28.065678565444262
t21535_bin_vtkRenderingVolumeCxxTests : 31.032006083153338
t21718_lib_libvtkViewsInfovis_7_1_so_1 : 39.57068554704818
t18956_lib_libvtkGeovisCore_7_1_so : 42.62536111911358
t18957_lib_libvtkGeovisCore_7_1_so_1 : 49.97101308131009
t13380_bin_vtkChartsCoreCxxTests : 53.14463308734408
t12758_lib_libvtkInteractionWidgets_7_1_so_1 : 59.53875147921343
t21838_bin_vtkViewsInfovisCxxTests : 63.105015063908986
t20546_bin_vtkInteractionWidgetsCxxTests : 85.60728281870834


The target Examples/GUI/Qt/FourPaneViewer/QtVTKRenderWindows.cxx could not be found.

