Commit:c5e2260
Date:Tue Oct 8 17:00:54 2013 -0400
The target IO/Exodus/vtkExodusIIReader.h has the following dependencies: 
t19224_IO_Exodus_Testing_Cxx_CMakeFiles_vtkIOExodusCxxTests_dir_TestExodusAttributes_cxx_o : 0.4075507393282378
t19227_IO_Exodus_Testing_Cxx_CMakeFiles_vtkIOExodusCxxTests_dir_TestExodusSideSets_cxx_o : 0.408661394087768
t19230_IO_Exodus_Testing_Cxx_CMakeFiles_vtkIOExodusCxxTests_dir_TestMultiBlockExodusWrite_cxx_o : 0.55253309247574
t19199_IO_Exodus_CMakeFiles_vtkIOExodus_dir_vtkExodusIIReaderVariableCheck_cxx_o : 0.6226551408871521
t19189_IO_Exodus_CMakeFiles_vtkIOExodus_dir_vtkExodusIIReader_cxx_o : 0.718073985150466
t19162_lib_libvtkIOExodus_7_1_so : 8.725267832126258
t19163_lib_libvtkIOExodus_7_1_so_1 : 20.17710078147355
t19219_bin_vtkIOExodusCxxTests : 28.862128055378346


The target IO/Exodus/vtkExodusIIReader.cxx has the following dependencies: 
t19189_IO_Exodus_CMakeFiles_vtkIOExodus_dir_vtkExodusIIReader_cxx_o : 0.718073985150466
t19162_lib_libvtkIOExodus_7_1_so : 8.725267832126258
t19163_lib_libvtkIOExodus_7_1_so_1 : 20.17710078147355
t19219_bin_vtkIOExodusCxxTests : 28.862128055378346


