Commit:ca37fcb
Date:Fri Oct 4 10:51:08 2013 -0600
The target Common/DataModel/vtkPixelExtent.h has the following dependencies: 
t5277_Common_DataModel_CMakeFiles_vtkCommonDataModel_dir_vtkPixelExtent_cxx_o : 0.47089662372713625
t5564_lib_libvtkCommonExecutionModel_6_1_so : 1.7770727437565652
t6123_lib_libvtkCommonComputationalGeometry_6_1_so : 2.1477170468971254
t6802_lib_libvtkImagingFourier_6_1_so : 2.898121461816552
t6627_lib_libvtkImagingCore_6_1_so : 3.2196302628794595
t4764_lib_libvtkCommonDataModel_6_1_so : 3.684233534824411
t6900_lib_libvtkFiltersStatistics_6_1_so : 4.788053589219217
t5810_lib_libvtkFiltersCore_6_1_so : 5.048984862338799
t8606_lib_libvtkIOCore_6_1_so : 5.702446264982843
t5542_lib_libvtkCommonColor_6_1_so : 6.729732332200564
t5543_lib_libvtkCommonColor_6_1_so_1 : 7.740861567294781
t7273_lib_libvtkFiltersGeometry_6_1_so : 9.969337683275233
t6208_lib_libvtkFiltersGeneral_6_1_so : 10.427167776408488
t6124_lib_libvtkCommonComputationalGeometry_6_1_so_1 : 14.101532095744414
t6973_lib_libvtkFiltersExtraction_6_1_so : 14.129218685237694
t6803_lib_libvtkImagingFourier_6_1_so_1 : 16.165420363626776
t7370_lib_libvtkFiltersSources_6_1_so : 16.897066115539623
t8607_lib_libvtkIOCore_6_1_so_1 : 19.59686917052768
t9206_lib_libvtkIOImage_6_1_so : 20.826373290690366
t6901_lib_libvtkFiltersStatistics_6_1_so_1 : 21.826134537502195
t7274_lib_libvtkFiltersGeometry_6_1_so_1 : 23.10432396064761
t6628_lib_libvtkImagingCore_6_1_so_1 : 25.279308047242612
t5565_lib_libvtkCommonExecutionModel_6_1_so_1 : 28.713048419233505
t9341_lib_libvtkImagingHybrid_6_1_so : 36.669212937651594
t7371_lib_libvtkFiltersSources_6_1_so_1 : 39.40486144832853
t5811_lib_libvtkFiltersCore_6_1_so_1 : 40.3445812192607
t9342_lib_libvtkImagingHybrid_6_1_so_1 : 42.96377992664893
t9207_lib_libvtkIOImage_6_1_so_1 : 48.650290095742044
t6974_lib_libvtkFiltersExtraction_6_1_so_1 : 49.33841888907422
t7511_lib_libvtkRenderingCore_6_1_so : 55.98492239594771
t7098_lib_libvtkInfovisCore_6_1_so : 60.054097899773055
t6209_lib_libvtkFiltersGeneral_6_1_so_1 : 60.453928096520514
t7099_lib_libvtkInfovisCore_6_1_so_1 : 70.47540929385066
t4765_lib_libvtkCommonDataModel_6_1_so_1 : 74.842592502164
t8483_lib_libvtkRenderingFreeType_6_1_so : 76.31598620386461
t8484_lib_libvtkRenderingFreeType_6_1_so_1 : 89.6070425927819
t7512_lib_libvtkRenderingCore_6_1_so_1 : 131.37628799046522

