Commit:cd4d9a3
Date:Sun Aug 18 00:26:36 2013 -0400
The target Common/Core/vtkDataArray.cxx has the following dependencies: 
t4515_lib_libvtkCommonMisc_6_1_so : 0.3174892741045656
t4548_lib_libvtkCommonSystem_6_1_so : 0.3791223453745057
t4455_lib_libvtkCommonMath_6_1_so : 0.4019241061137006
t4078_Common_Core_CMakeFiles_vtkCommonCore_dir_vtkDataArray_cxx_o : 0.41984293435271525
t4589_lib_libvtkCommonTransforms_6_1_so : 0.5076351028577235
t5446_lib_libvtkCommonExecutionModel_6_1_so : 1.6491790104593544
t3894_lib_libvtkCommonCore_6_1_so : 1.7299084049829263
t6005_lib_libvtkCommonComputationalGeometry_6_1_so : 1.806029129994322
t6684_lib_libvtkImagingFourier_6_1_so : 2.279939622269029
t6509_lib_libvtkImagingCore_6_1_so : 2.7726810955895007
t7478_lib_libvtkIOCore_6_1_so : 2.8111095501973127
t4666_lib_libvtkCommonDataModel_6_1_so : 3.385109734436864
t6782_lib_libvtkFiltersStatistics_6_1_so : 3.554023690807541
t4516_lib_libvtkCommonMisc_6_1_so_1 : 3.9409240965780135
t8250_lib_libvtkIOXMLParser_6_1_so : 3.9719237695837153
t5692_lib_libvtkFiltersCore_6_1_so : 4.365125205781221
t4549_lib_libvtkCommonSystem_6_1_so_1 : 5.391114008811898
t7155_lib_libvtkFiltersGeometry_6_1_so : 6.331478578542186
t5424_lib_libvtkCommonColor_6_1_so : 6.3373208501987035
t4456_lib_libvtkCommonMath_6_1_so_1 : 6.5203886288251915
t5425_lib_libvtkCommonColor_6_1_so_1 : 7.279201000233768
t4590_lib_libvtkCommonTransforms_6_1_so_1 : 8.414943596652316
t6090_lib_libvtkFiltersGeneral_6_1_so : 8.47896902886948
t6855_lib_libvtkFiltersExtraction_6_1_so : 9.348385121535616
t8079_lib_libvtkIOImage_6_1_so : 9.698186683270604
t7252_lib_libvtkFiltersSources_6_1_so : 10.299843927217072
t8251_lib_libvtkIOXMLParser_6_1_so_1 : 13.489142716177819
t6006_lib_libvtkCommonComputationalGeometry_6_1_so_1 : 13.637886952894416
t6685_lib_libvtkImagingFourier_6_1_so_1 : 15.034867921899028
t7479_lib_libvtkIOCore_6_1_so_1 : 18.78430270727515
t6783_lib_libvtkFiltersStatistics_6_1_so_1 : 20.023668769456123
t7156_lib_libvtkFiltersGeometry_6_1_so_1 : 21.816983218384184
t9343_lib_libvtkImagingHybrid_6_1_so : 23.84312256622259
t6510_lib_libvtkImagingCore_6_1_so_1 : 24.684057370254127
t9344_lib_libvtkImagingHybrid_6_1_so_1 : 27.874261842614814
t5447_lib_libvtkCommonExecutionModel_6_1_so_1 : 28.219840196881965
t7253_lib_libvtkFiltersSources_6_1_so_1 : 35.82297856664849
t5693_lib_libvtkFiltersCore_6_1_so_1 : 39.67176664264679
t6856_lib_libvtkFiltersExtraction_6_1_so_1 : 43.286518218991134
t3895_lib_libvtkCommonCore_6_1_so_1 : 44.60917849363557
t8080_lib_libvtkIOImage_6_1_so_1 : 44.93264321539108
t6980_lib_libvtkInfovisCore_6_1_so : 50.856682468129655
t8302_lib_libvtkRenderingCore_6_1_so : 55.35548439514359
t6091_lib_libvtkFiltersGeneral_6_1_so_1 : 58.79272255672574
t6981_lib_libvtkInfovisCore_6_1_so_1 : 59.654920550740776
t4667_lib_libvtkCommonDataModel_6_1_so_1 : 72.31421759329461
t8303_lib_libvtkRenderingCore_6_1_so_1 : 129.89525740033787
t9249_lib_libvtkRenderingFreeType_6_1_so : 130.1050215754865
t9250_lib_libvtkRenderingFreeType_6_1_so_1 : 152.88826067704292

