Commit:d4b70ce
Date:Wed Dec 4 14:52:17 2013 -0500
The target Filters/General/vtkPassArrays.cxx has the following dependencies: 
t6663_Filters_General_CMakeFiles_vtkFiltersGeneral_dir_vtkPassArrays_cxx_o : 0.48258896441073473
t6269_lib_libvtkFiltersGeneral_6_1_so : 10.395174407892046
t7030_lib_libvtkFiltersExtraction_6_1_so : 14.171288600008102
t7431_lib_libvtkFiltersSources_6_1_so : 16.92934179592317
t7432_lib_libvtkFiltersSources_6_1_so_1 : 39.480804225701576
t7031_lib_libvtkFiltersExtraction_6_1_so_1 : 49.486900941205064
t7572_lib_libvtkRenderingCore_6_1_so : 56.151587300795406
t6270_lib_libvtkFiltersGeneral_6_1_so_1 : 60.26573181112968
t7155_lib_libvtkInfovisCore_6_1_so : 60.59721494858766
t7156_lib_libvtkInfovisCore_6_1_so_1 : 71.1143705277502
t8544_lib_libvtkRenderingFreeType_6_1_so : 76.50055357952648
t8545_lib_libvtkRenderingFreeType_6_1_so_1 : 89.82418068179585
t7573_lib_libvtkRenderingCore_6_1_so_1 : 131.7684407077539

The target Filters/General/vtkPassArrays.h has the following dependencies: 
t6663_Filters_General_CMakeFiles_vtkFiltersGeneral_dir_vtkPassArrays_cxx_o : 0.48258896441073473
t6269_lib_libvtkFiltersGeneral_6_1_so : 10.395174407892046
t7030_lib_libvtkFiltersExtraction_6_1_so : 14.171288600008102
t7431_lib_libvtkFiltersSources_6_1_so : 16.92934179592317
t7432_lib_libvtkFiltersSources_6_1_so_1 : 39.480804225701576
t7031_lib_libvtkFiltersExtraction_6_1_so_1 : 49.486900941205064
t7572_lib_libvtkRenderingCore_6_1_so : 56.151587300795406
t6270_lib_libvtkFiltersGeneral_6_1_so_1 : 60.26573181112968
t7155_lib_libvtkInfovisCore_6_1_so : 60.59721494858766
t7156_lib_libvtkInfovisCore_6_1_so_1 : 71.1143705277502
t8544_lib_libvtkRenderingFreeType_6_1_so : 76.50055357952648
t8545_lib_libvtkRenderingFreeType_6_1_so_1 : 89.82418068179585
t7573_lib_libvtkRenderingCore_6_1_so_1 : 131.7684407077539

