Commit:e1094ed
Date:Fri Jun 28 18:40:37 2013 -0400
The target IO/Image/vtkPNGWriter.h has the following dependencies: 
t8167_IO_Image_CMakeFiles_vtkIOImage_dir_vtkPNGWriter_cxx_o : 0.510256953797704
t9585_Rendering_OpenGL_CMakeFiles_vtkRenderingOpenGL_dir_vtkImageProcessingPass_cxx_o : 0.6019083732545982
t9678_Rendering_OpenGL_CMakeFiles_vtkRenderingOpenGL_dir_vtkOpenGLRenderer_cxx_o : 0.6240423254098726
t9738_Rendering_OpenGL_CMakeFiles_vtkRenderingOpenGL_dir_vtkSobelGradientMagnitudePass_cxx_o : 0.7564776517280224
t9576_Rendering_OpenGL_CMakeFiles_vtkRenderingOpenGL_dir_vtkGaussianBlurPass_cxx_o : 0.760620170168486
t9734_Rendering_OpenGL_CMakeFiles_vtkRenderingOpenGL_dir_vtkShadowMapPass_cxx_o : 1.4226701830663764
t8079_lib_libvtkIOImage_6_1_so : 7.002516957296589
t9343_lib_libvtkImagingHybrid_6_1_so : 28.740396319341187
t9529_lib_libvtkRenderingOpenGL_6_1_so : 32.06113307737218
t8080_lib_libvtkIOImage_6_1_so_1 : 32.24713862257218
t9344_lib_libvtkImagingHybrid_6_1_so_1 : 33.63576037569552
t9530_lib_libvtkRenderingOpenGL_6_1_so_1 : 37.54250950279081
t8302_lib_libvtkRenderingCore_6_1_so : 57.92232312556419
t8303_lib_libvtkRenderingCore_6_1_so_1 : 135.934877942504
t9249_lib_libvtkRenderingFreeType_6_1_so : 137.52141968271255
t9250_lib_libvtkRenderingFreeType_6_1_so_1 : 161.6134349208383

