Commit:e271189
Date:Tue Oct 1 09:30:37 2013 -0400
The target Views/Infovis/vtkHeatmapItem.cxx has the following dependencies: 
t21744_Views_Infovis_CMakeFiles_vtkViewsInfovis_dir_vtkHeatmapItem_cxx_o : 0.5408552827248665
t21717_lib_libvtkViewsInfovis_7_1_so : 16.967541357495474
t21718_lib_libvtkViewsInfovis_7_1_so_1 : 39.57068554704818
t21838_bin_vtkViewsInfovisCxxTests : 63.105015063908986


The target Views/Infovis/vtkHeatmapItem.h has the following dependencies: 
t21858_Views_Infovis_Testing_Cxx_CMakeFiles_vtkViewsInfovisCxxTests_dir_TestHeatmapCategoryLegend_cxx_o : 0.4161512750793012
t21864_Views_Infovis_Testing_Cxx_CMakeFiles_vtkViewsInfovisCxxTests_dir_TestHeatmapScalarLegend_cxx_o : 0.4171007812407746
t21861_Views_Infovis_Testing_Cxx_CMakeFiles_vtkViewsInfovisCxxTests_dir_TestHeatmapItem_cxx_o : 0.43286207028611895
t21813_Views_Infovis_CMakeFiles_vtkViewsInfovis_dir_vtkTreeHeatmapItem_cxx_o : 0.45600090421238215
t21744_Views_Infovis_CMakeFiles_vtkViewsInfovis_dir_vtkHeatmapItem_cxx_o : 0.5408552827248665
t21717_lib_libvtkViewsInfovis_7_1_so : 16.967541357495474
t21718_lib_libvtkViewsInfovis_7_1_so_1 : 39.57068554704818
t21838_bin_vtkViewsInfovisCxxTests : 63.105015063908986


The target Views/Infovis/vtkTreeHeatmapItem.cxx has the following dependencies: 
t21813_Views_Infovis_CMakeFiles_vtkViewsInfovis_dir_vtkTreeHeatmapItem_cxx_o : 0.45600090421238215
t21717_lib_libvtkViewsInfovis_7_1_so : 16.967541357495474
t21718_lib_libvtkViewsInfovis_7_1_so_1 : 39.57068554704818
t21838_bin_vtkViewsInfovisCxxTests : 63.105015063908986


