Commit:e7e4c21
Date:Mon Jul 22 09:33:56 2013 -0400
The target Filters/Geometry/vtkUnstructuredGridGeometryFilter.cxx has the following dependencies: 
t7326_Filters_Geometry_CMakeFiles_vtkFiltersGeometry_dir_vtkUnstructuredGridGeometryFilter_cxx_o : 0.8830917322959514
t7285_lib_libvtkFiltersGeometry_6_1_so : 10.008547821373872
t7286_lib_libvtkFiltersGeometry_6_1_so_1 : 23.196583109114993
t7523_lib_libvtkRenderingCore_6_1_so : 56.0922453279341
t8495_lib_libvtkRenderingFreeType_6_1_so : 76.44632781446137
t8496_lib_libvtkRenderingFreeType_6_1_so_1 : 89.7603856640722
t7524_lib_libvtkRenderingCore_6_1_so_1 : 131.62881253631554

The target Filters/Geometry/vtkDataSetSurfaceFilter.cxx has the following dependencies: 
t7330_Filters_Geometry_CMakeFiles_vtkFiltersGeometry_dir_vtkDataSetSurfaceFilter_cxx_o : 0.79539671892786
t7285_lib_libvtkFiltersGeometry_6_1_so : 10.008547821373872
t7286_lib_libvtkFiltersGeometry_6_1_so_1 : 23.196583109114993
t7523_lib_libvtkRenderingCore_6_1_so : 56.0922453279341
t8495_lib_libvtkRenderingFreeType_6_1_so : 76.44632781446137
t8496_lib_libvtkRenderingFreeType_6_1_so_1 : 89.7603856640722
t7524_lib_libvtkRenderingCore_6_1_so_1 : 131.62881253631554

