Commit:eb22e91
Date:Fri Aug 2 13:14:20 2013 -0400
The target Rendering/Core/vtkInteractorStyle.cxx has the following dependencies: 
t8825_Rendering_Core_CMakeFiles_vtkRenderingCore_dir_vtkInteractorStyle_cxx_o : 0.8104849550864944
t8302_lib_libvtkRenderingCore_6_1_so : 57.920773847027014
t8303_lib_libvtkRenderingCore_6_1_so_1 : 135.93123258124004
t9249_lib_libvtkRenderingFreeType_6_1_so : 137.51772353097203
t9250_lib_libvtkRenderingFreeType_6_1_so_1 : 161.60908650702592

