Commit:ecaddd4
Date:Tue Jan 29 18:23:24 2013 +0000
The target Filters/Core/vtkContourFilter.h has the following dependencies: 
t6419_Filters_General_CMakeFiles_vtkFiltersGeneral_dir_vtkVoxelContoursToSurfaceFilter_cxx_o : 0.5683433823433478
t6443_Filters_General_CMakeFiles_vtkFiltersGeneral_dir_vtkMarchingContourFilter_cxx_o : 0.7594735902827177
t5741_Filters_Core_CMakeFiles_vtkFiltersCore_dir_vtkContourFilter_cxx_o : 0.8466870207000063
t5692_lib_libvtkFiltersCore_6_1_so : 4.386970182808134
t7155_lib_libvtkFiltersGeometry_6_1_so : 6.397164586746226
t6090_lib_libvtkFiltersGeneral_6_1_so : 8.51539819520107
t6855_lib_libvtkFiltersExtraction_6_1_so : 9.409211921539228
t7252_lib_libvtkFiltersSources_6_1_so : 10.382524687228582
t7156_lib_libvtkFiltersGeometry_6_1_so_1 : 22.048816188516092
t7253_lib_libvtkFiltersSources_6_1_so_1 : 36.114793013747935
t5693_lib_libvtkFiltersCore_6_1_so_1 : 39.87736642642949
t6856_lib_libvtkFiltersExtraction_6_1_so_1 : 43.57276198371401
t6980_lib_libvtkInfovisCore_6_1_so : 51.151827827304764
t8302_lib_libvtkRenderingCore_6_1_so : 57.918828751235786
t6091_lib_libvtkFiltersGeneral_6_1_so_1 : 59.04986961318402
t6981_lib_libvtkInfovisCore_6_1_so_1 : 60.00215038506443
t8303_lib_libvtkRenderingCore_6_1_so_1 : 135.9266558852607
t9249_lib_libvtkRenderingFreeType_6_1_so : 137.51716977359203
t9250_lib_libvtkRenderingFreeType_6_1_so_1 : 161.60843502775532

The target Filters/Core/vtkContourFilter.cxx has the following dependencies: 
t5741_Filters_Core_CMakeFiles_vtkFiltersCore_dir_vtkContourFilter_cxx_o : 0.8466870207000063
t5692_lib_libvtkFiltersCore_6_1_so : 4.386970182808134
t7155_lib_libvtkFiltersGeometry_6_1_so : 6.397164586746226
t6090_lib_libvtkFiltersGeneral_6_1_so : 8.51539819520107
t6855_lib_libvtkFiltersExtraction_6_1_so : 9.409211921539228
t7252_lib_libvtkFiltersSources_6_1_so : 10.382524687228582
t7156_lib_libvtkFiltersGeometry_6_1_so_1 : 22.048816188516092
t7253_lib_libvtkFiltersSources_6_1_so_1 : 36.114793013747935
t5693_lib_libvtkFiltersCore_6_1_so_1 : 39.87736642642949
t6856_lib_libvtkFiltersExtraction_6_1_so_1 : 43.57276198371401
t6980_lib_libvtkInfovisCore_6_1_so : 51.151827827304764
t8302_lib_libvtkRenderingCore_6_1_so : 57.918828751235786
t6091_lib_libvtkFiltersGeneral_6_1_so_1 : 59.04986961318402
t6981_lib_libvtkInfovisCore_6_1_so_1 : 60.00215038506443
t8303_lib_libvtkRenderingCore_6_1_so_1 : 135.9266558852607
t9249_lib_libvtkRenderingFreeType_6_1_so : 137.51716977359203
t9250_lib_libvtkRenderingFreeType_6_1_so_1 : 161.60843502775532

