Commit:ee02727
Date:Tue Jan 7 10:12:36 2014 +0000
The target Filters/Core/vtkAppendFilter.cxx has the following dependencies: 
t6099_Filters_Core_CMakeFiles_vtkFiltersCore_dir_vtkAppendFilter_cxx_o : 0.46902308794215697
t6096_lib_libvtkFiltersCore_6_1_so : 5.131078054394262
t7571_lib_libvtkFiltersGeometry_6_1_so : 10.055711705043612
t6498_lib_libvtkFiltersGeneral_6_1_so : 10.401735537090783
t7267_lib_libvtkFiltersExtraction_6_1_so : 14.236623400900536
t7668_lib_libvtkFiltersSources_6_1_so : 16.954213422890913
t7572_lib_libvtkFiltersGeometry_6_1_so_1 : 23.30755695304379
t7669_lib_libvtkFiltersSources_6_1_so_1 : 39.5393257009198
t6097_lib_libvtkFiltersCore_6_1_so_1 : 41.02064280089392
t7268_lib_libvtkFiltersExtraction_6_1_so_1 : 49.71749435611954
t7809_lib_libvtkRenderingCore_6_1_so : 56.29979924342076
t6499_lib_libvtkFiltersGeneral_6_1_so_1 : 60.30432668876931
t7392_lib_libvtkInfovisCore_6_1_so : 60.83345020775028
t7393_lib_libvtkInfovisCore_6_1_so_1 : 71.39229436205916
t8781_lib_libvtkRenderingFreeType_6_1_so : 76.6231615886568
t8782_lib_libvtkRenderingFreeType_6_1_so_1 : 89.96842539841975
t7810_lib_libvtkRenderingCore_6_1_so_1 : 132.11717469040178

