Commit:ee3a7c3
Date:Sat Aug 10 19:56:00 2013 -0400
The target Common/DataModel/vtkPolyhedron.cxx has the following dependencies: 
t5207_Common_DataModel_CMakeFiles_vtkCommonDataModel_dir_vtkPolyhedron_cxx_o : 0.5404486129611272
t5446_lib_libvtkCommonExecutionModel_6_1_so : 1.6491803004287195
t6005_lib_libvtkCommonComputationalGeometry_6_1_so : 1.8060262765318331
t6684_lib_libvtkImagingFourier_6_1_so : 2.2799372698410374
t6509_lib_libvtkImagingCore_6_1_so : 2.772678735869068
t7478_lib_libvtkIOCore_6_1_so : 2.8111143010209276
t4666_lib_libvtkCommonDataModel_6_1_so : 3.3850769584895737
t6782_lib_libvtkFiltersStatistics_6_1_so : 3.5540258831474953
t8250_lib_libvtkIOXMLParser_6_1_so : 3.9719188230625857
t5692_lib_libvtkFiltersCore_6_1_so : 4.3647217178520545
t7155_lib_libvtkFiltersGeometry_6_1_so : 6.331531615125793
t5424_lib_libvtkCommonColor_6_1_so : 6.337307644919162
t5425_lib_libvtkCommonColor_6_1_so_1 : 7.279185464610778
t6090_lib_libvtkFiltersGeneral_6_1_so : 8.479161286913502
t6855_lib_libvtkFiltersExtraction_6_1_so : 9.348429660497102
t8079_lib_libvtkIOImage_6_1_so : 9.698184665619227
t7252_lib_libvtkFiltersSources_6_1_so : 10.299783746638635
t8251_lib_libvtkIOXMLParser_6_1_so_1 : 13.48912525786795
t6006_lib_libvtkCommonComputationalGeometry_6_1_so_1 : 13.637863453791567
t6685_lib_libvtkImagingFourier_6_1_so_1 : 15.03485131652497
t7479_lib_libvtkIOCore_6_1_so_1 : 18.784336242500668
t6783_lib_libvtkFiltersStatistics_6_1_so_1 : 20.023681665573502
t7156_lib_libvtkFiltersGeometry_6_1_so_1 : 21.817170406326326
t9343_lib_libvtkImagingHybrid_6_1_so : 23.84310400589317
t6510_lib_libvtkImagingCore_6_1_so_1 : 24.68403516112064
t9344_lib_libvtkImagingHybrid_6_1_so_1 : 27.874240006933142
t5447_lib_libvtkCommonExecutionModel_6_1_so_1 : 28.21986447865825
t7253_lib_libvtkFiltersSources_6_1_so_1 : 35.822766164606946
t5693_lib_libvtkFiltersCore_6_1_so_1 : 39.6679691091958
t6856_lib_libvtkFiltersExtraction_6_1_so_1 : 43.28672781410401
t8080_lib_libvtkIOImage_6_1_so_1 : 44.932633720561064
t6980_lib_libvtkInfovisCore_6_1_so : 50.85703386125048
t8302_lib_libvtkRenderingCore_6_1_so : 55.3556155010856
t6091_lib_libvtkFiltersGeneral_6_1_so_1 : 58.79407967233061
t6981_lib_libvtkInfovisCore_6_1_so_1 : 59.65533395441233
t4667_lib_libvtkCommonDataModel_6_1_so_1 : 72.31348495447283
t8303_lib_libvtkRenderingCore_6_1_so_1 : 129.8955658849073
t9249_lib_libvtkRenderingFreeType_6_1_so : 130.10497346738194
t9250_lib_libvtkRenderingFreeType_6_1_so_1 : 152.88820407927287

