Commit:f443e75
Date:Tue Oct 15 04:40:44 2013 -0400
The target IO/Exodus/vtkCPExodusIIResultsArrayTemplate.txx has the following dependencies: 
t19174_IO_Exodus_CMakeFiles_vtkIOExodus_dir_vtkCPExodusIIInSituReader_cxx_o : 1.8230344224562376
t19162_lib_libvtkIOExodus_7_1_so : 8.725267832126258
t19163_lib_libvtkIOExodus_7_1_so_1 : 20.17710078147355
t19219_bin_vtkIOExodusCxxTests : 28.862128055378346


The target Common/Core/vtkMappedDataArray.txx has the following dependencies: 
t19174_IO_Exodus_CMakeFiles_vtkIOExodus_dir_vtkCPExodusIIInSituReader_cxx_o : 1.8230344224562376
t19162_lib_libvtkIOExodus_7_1_so : 8.725267832126258
t19163_lib_libvtkIOExodus_7_1_so_1 : 20.17710078147355
t19219_bin_vtkIOExodusCxxTests : 28.862128055378346


