Commit:f660dc1
Date:Thu Jun 27 08:03:02 2013 +0200
The target IO/Image/vtkPNGWriter.h has the following dependencies: 
t8167_IO_Image_CMakeFiles_vtkIOImage_dir_vtkPNGWriter_cxx_o : 0.5102569537977041
t9585_Rendering_OpenGL_CMakeFiles_vtkRenderingOpenGL_dir_vtkImageProcessingPass_cxx_o : 0.6019083732545986
t9678_Rendering_OpenGL_CMakeFiles_vtkRenderingOpenGL_dir_vtkOpenGLRenderer_cxx_o : 0.6240423254098726
t9738_Rendering_OpenGL_CMakeFiles_vtkRenderingOpenGL_dir_vtkSobelGradientMagnitudePass_cxx_o : 0.7564776517280225
t9576_Rendering_OpenGL_CMakeFiles_vtkRenderingOpenGL_dir_vtkGaussianBlurPass_cxx_o : 0.7606201701684863
t9734_Rendering_OpenGL_CMakeFiles_vtkRenderingOpenGL_dir_vtkShadowMapPass_cxx_o : 1.4226701830663768
t8079_lib_libvtkIOImage_6_1_so : 7.002516957296589
t9343_lib_libvtkImagingHybrid_6_1_so : 28.740396319341194
t9529_lib_libvtkRenderingOpenGL_6_1_so : 32.061133077372176
t8080_lib_libvtkIOImage_6_1_so_1 : 32.24713862257218
t9344_lib_libvtkImagingHybrid_6_1_so_1 : 33.635760375695526
t9530_lib_libvtkRenderingOpenGL_6_1_so_1 : 37.5425095027908
t8302_lib_libvtkRenderingCore_6_1_so : 57.922323125564226
t8303_lib_libvtkRenderingCore_6_1_so_1 : 135.93487794250407
t9249_lib_libvtkRenderingFreeType_6_1_so : 137.52141968271252
t9250_lib_libvtkRenderingFreeType_6_1_so_1 : 161.61343492083824

