Commit:fd255a8
Date:Mon Sep 9 10:12:43 2013 -0400
The target Charts/Core/vtkPlotHistogram2D.cxx has the following dependencies: 
t9744_Charts_Core_CMakeFiles_vtkChartsCore_dir_vtkPlotHistogram2D_cxx_o : 0.4037921464541681
t9604_lib_libvtkChartsCore_7_1_so : 4.86710284650653
t21717_lib_libvtkViewsInfovis_7_1_so : 16.967541357495474
t9605_lib_libvtkChartsCore_7_1_so_1 : 22.198131042383668
t21718_lib_libvtkViewsInfovis_7_1_so_1 : 39.57068554704818
t13380_bin_vtkChartsCoreCxxTests : 53.14463308734408
t21838_bin_vtkViewsInfovisCxxTests : 63.105015063908986


The target Charts/Core/vtkPlotHistogram2D.h has the following dependencies: 
t9744_Charts_Core_CMakeFiles_vtkChartsCore_dir_vtkPlotHistogram2D_cxx_o : 0.4037921464541681
t13480_Charts_Core_Testing_Cxx_CMakeFiles_vtkChartsCoreCxxTests_dir_TestHistogram2D_cxx_o : 0.4795710668749644
t9633_Charts_Core_CMakeFiles_vtkChartsCore_dir_vtkChartHistogram2D_cxx_o : 0.5428004865274647
t9604_lib_libvtkChartsCore_7_1_so : 4.86710284650653
t21717_lib_libvtkViewsInfovis_7_1_so : 16.967541357495474
t9605_lib_libvtkChartsCore_7_1_so_1 : 22.198131042383668
t21718_lib_libvtkViewsInfovis_7_1_so_1 : 39.57068554704818
t13380_bin_vtkChartsCoreCxxTests : 53.14463308734408
t21838_bin_vtkViewsInfovisCxxTests : 63.105015063908986


